-5.000000e-02 2.207148e-03
-4.899935e-02 -5.686857e-03
-4.799871e-02 6.132750e-03
-4.699806e-02 -1.564461e-03
-4.599742e-02 -2.993307e-03
-4.499677e-02 1.260257e-02
-4.399613e-02 -1.709661e-02
-4.299548e-02 -9.618053e-03
-4.199484e-02 -8.173090e-03
-4.099419e-02 -8.476811e-03
-3.999354e-02 -7.287530e-03
-3.899290e-02 4.884760e-03
-3.799225e-02 1.096533e-02
-3.699161e-02 9.160413e-03
-3.599096e-02 -1.019562e-02
-3.499032e-02 -1.074179e-03
-3.398967e-02 4.522652e-03
-3.298903e-02 2.400030e-03
-3.198838e-02 1.305747e-02
-3.098773e-02 -6.753342e-03
-2.998709e-02 1.563194e-03
-2.898644e-02 -3.932307e-03
-2.798580e-02 2.510750e-03
-2.698515e-02 -1.078897e-02
-2.598451e-02 -9.289377e-03
-2.498386e-02 -7.301109e-03
-2.398321e-02 -5.636693e-03
-2.298257e-02 1.547923e-02
-2.198192e-02 1.175402e-02
-2.098128e-02 -2.126497e-03
-1.998063e-02 1.729333e-03
-1.897999e-02 -1.594436e-02
-1.797934e-02 -1.792923e-03
-1.697870e-02 1.596147e-03
-1.597805e-02 1.145684e-02
-1.497740e-02 3.268047e-03
-1.397676e-02 4.328901e-03
-1.297611e-02 2.977629e-03
-1.197547e-02 2.690012e-03
-1.097482e-02 -1.396759e-02
-9.974177e-03 -4.167577e-03
-8.973531e-03 1.434887e-02
-7.972886e-03 8.238964e-03
-6.972240e-03 4.942345e-03
-5.971595e-03 6.671531e-04
-4.970949e-03 6.594414e-03
-3.970303e-03 -9.448894e-03
-2.969658e-03 -1.580060e-02
-1.969012e-03 -3.820866e-03
-9.683667e-04 5.379231e-03
3.227889e-05 1.078299e-03
1.032924e-03 1.362959e-02
2.033570e-03 1.426721e-02
3.034216e-03 1.914024e-02
4.034861e-03 3.922928e-02
5.035507e-03 4.336888e-02
6.036152e-03 3.590036e-02
7.036798e-03 2.953499e-02
8.037444e-03 3.419596e-02
9.038089e-03 4.356275e-02
1.003873e-02 4.278973e-02
1.103938e-02 6.383370e-02
1.204003e-02 3.088885e-02
1.304067e-02 4.721125e-02
1.404132e-02 3.715718e-02
1.504196e-02 4.881015e-02
1.604261e-02 5.118576e-02
1.704325e-02 4.296390e-02
1.804390e-02 5.191849e-02
1.904454e-02 4.419537e-02
2.004519e-02 4.393432e-02
2.104584e-02 4.108289e-02
2.204648e-02 5.129610e-02
2.304713e-02 4.569554e-02
2.404777e-02 5.956491e-02
2.504842e-02 5.605593e-02
2.604906e-02 4.841904e-02
2.704971e-02 2.081575e-02
2.805036e-02 2.709955e-02
2.905100e-02 5.134214e-02
3.005165e-02 3.626438e-02
3.105229e-02 4.291480e-02
3.205294e-02 3.381173e-02
3.305358e-02 4.485000e-02
3.405423e-02 4.881023e-02
3.505487e-02 2.669779e-02
3.605552e-02 3.022659e-02
3.705617e-02 2.129775e-02
3.805681e-02 3.984629e-02
3.905746e-02 2.044103e-02
4.005810e-02 3.301903e-02
4.105875e-02 4.146636e-02
4.205939e-02 5.644592e-02
4.306004e-02 3.914824e-02
4.406068e-02 4.759626e-02
4.506133e-02 3.726663e-02
4.606198e-02 3.737934e-02
4.706262e-02 3.179376e-02
4.806327e-02 2.969056e-02
4.906391e-02 4.489147e-02
5.006456e-02 3.652300e-02
5.106520e-02 3.577190e-02
5.206585e-02 2.596394e-02
5.306649e-02 2.823608e-02
5.406714e-02 5.200624e-02
5.506779e-02 3.030515e-02
5.606843e-02 4.389465e-02
5.706908e-02 2.508719e-02
5.806972e-02 3.796580e-02
5.907037e-02 3.251286e-02
6.007101e-02 2.524616e-02
6.107166e-02 3.544114e-02
6.207230e-02 1.319708e-02
6.307295e-02 3.405750e-02
6.407360e-02 3.586383e-02
6.507424e-02 3.041274e-02
6.607489e-02 4.048213e-02
6.707553e-02 2.638641e-02
6.807618e-02 2.527416e-02
6.907682e-02 3.001767e-02
7.007747e-02 3.484960e-02
7.107811e-02 3.157973e-02
7.207876e-02 2.332746e-02
7.307941e-02 1.535704e-02
7.408005e-02 3.166326e-02
7.508070e-02 1.685529e-02
7.608134e-02 1.629415e-02
7.708199e-02 1.765970e-02
7.808263e-02 2.451575e-02
7.908328e-02 1.571148e-02
8.008393e-02 1.205659e-02
8.108457e-02 1.656728e-02
8.208522e-02 2.106778e-02
8.308586e-02 2.719247e-02
8.408651e-02 2.307394e-02
8.508715e-02 1.135137e-02
8.608780e-02 2.420038e-02
8.708844e-02 2.490209e-02
8.808909e-02 1.688866e-02
8.908974e-02 1.324254e-02
9.009038e-02 1.300833e-02
9.109103e-02 1.542903e-02
9.209167e-02 4.266496e-02
9.309232e-02 1.141002e-02
9.409296e-02 2.274175e-02
9.509361e-02 1.272451e-02
9.609425e-02 1.459221e-02
9.709490e-02 1.237990e-02
9.809555e-02 2.724519e-02
9.909619e-02 2.281879e-02
1.000968e-01 1.753145e-02
1.010975e-01 2.365399e-02
1.020981e-01 2.586162e-02
1.030988e-01 9.724662e-03
1.040994e-01 2.351169e-02
1.051001e-01 1.067268e-02
1.061007e-01 2.604062e-02
1.071014e-01 2.487795e-02
1.081020e-01 2.133008e-02
1.091026e-01 1.501323e-02
1.101033e-01 1.167319e-02
1.111039e-01 1.412208e-02
1.121046e-01 2.427629e-02
1.131052e-01 9.590057e-03
1.141059e-01 1.674093e-02
1.151065e-01 -1.399016e-03
1.161072e-01 1.851625e-02
1.171078e-01 5.394598e-03
1.181085e-01 2.408016e-03
1.191091e-01 2.061813e-02
1.201097e-01 1.737803e-02
1.211104e-01 1.068660e-02
1.221110e-01 1.194716e-02
1.231117e-01 3.752819e-02
1.241123e-01 1.272812e-02
1.251130e-01 1.251106e-02
1.261136e-01 2.090186e-02
1.271143e-01 1.510842e-02
1.281149e-01 2.396994e-02
1.291156e-01 1.673137e-02
1.301162e-01 2.143082e-02
1.311168e-01 1.811810e-02
1.321175e-01 2.000447e-02
1.331181e-01 1.299332e-02
1.341188e-01 1.551528e-02
1.351194e-01 1.045152e-02
1.361201e-01 1.907713e-02
1.371207e-01 -5.497012e-04
1.381214e-01 2.004895e-02
1.391220e-01 2.264638e-02
1.401227e-01 1.996389e-02
1.411233e-01 1.138704e-02
1.421240e-01 1.736362e-02
1.431246e-01 4.430410e-03
1.441252e-01 2.045362e-02
1.451259e-01 9.783562e-04
1.461265e-01 1.779723e-02
1.471272e-01 1.707737e-02
1.481278e-01 1.571041e-02
1.491285e-01 7.066066e-03
1.501291e-01 1.903375e-02
1.511298e-01 -7.043970e-03
1.521304e-01 1.899887e-02
1.531311e-01 1.304036e-02
1.541317e-01 2.153624e-02
1.551323e-01 1.292915e-02
1.561330e-01 2.921388e-02
1.571336e-01 1.318391e-03
1.581343e-01 1.673654e-02
1.591349e-01 1.689565e-03
1.601356e-01 9.194133e-03
1.611362e-01 1.779133e-02
1.621369e-01 1.653273e-02
1.631375e-01 3.098583e-02
1.641382e-01 6.589569e-03
1.651388e-01 2.287801e-02
1.661394e-01 7.390493e-03
1.671401e-01 2.841128e-03
1.681407e-01 -6.461656e-03
1.691414e-01 1.131344e-02
1.701420e-01 4.393616e-03
1.711427e-01 1.800286e-02
1.721433e-01 4.165748e-03
1.731440e-01 4.606854e-03
1.741446e-01 1.284357e-02
1.751453e-01 2.643433e-02
1.761459e-01 -1.738161e-03
1.771465e-01 1.925162e-02
1.781472e-01 1.774467e-02
1.791478e-01 6.723248e-03
1.801485e-01 1.561691e-02
1.811491e-01 5.950960e-03
1.821498e-01 3.243951e-02
1.831504e-01 7.537483e-03
1.841511e-01 9.396288e-03
1.851517e-01 5.268829e-03
1.861524e-01 -8.472322e-03
1.871530e-01 5.767020e-03
1.881536e-01 1.065611e-02
1.891543e-01 2.328299e-02
1.901549e-01 1.313219e-02
1.911556e-01 6.258474e-03
1.921562e-01 8.692206e-03
1.931569e-01 1.130745e-02
1.941575e-01 4.186443e-03
1.951582e-01 1.474130e-02
1.961588e-01 2.411341e-02
1.971595e-01 4.175385e-03
1.981601e-01 1.982726e-02
1.991607e-01 1.646104e-02
2.001614e-01 1.301677e-02
2.011620e-01 8.710828e-03
2.021627e-01 1.091737e-02
2.031633e-01 5.314242e-03
2.041640e-01 2.580619e-02
2.051646e-01 2.034763e-04
2.061653e-01 1.868762e-02
2.071659e-01 2.278672e-02
2.081666e-01 4.010124e-03
2.091672e-01 1.885254e-02
2.101679e-01 8.587122e-03
2.111685e-01 7.724761e-03
2.121691e-01 6.309991e-03
2.131698e-01 -9.126614e-03
2.141704e-01 1.244560e-02
2.151711e-01 2.135813e-02
2.161717e-01 -1.677696e-04
2.171724e-01 1.531022e-02
2.181730e-01 5.942737e-03
2.191737e-01 -4.173589e-03
2.201743e-01 1.669126e-02
2.211750e-01 2.353233e-02
2.221756e-01 -1.310430e-03
2.231762e-01 8.750766e-03
2.241769e-01 -7.843436e-03
2.251775e-01 6.095530e-03
2.261782e-01 1.133845e-02
2.271788e-01 2.396956e-02
2.281795e-01 2.197937e-02
2.291801e-01 2.279227e-02
2.301808e-01 1.060496e-03
2.311814e-01 3.844360e-03
2.321821e-01 -1.038199e-02
2.331827e-01 -9.249738e-04
2.341833e-01 -8.325748e-03
2.351840e-01 9.814319e-03
2.361846e-01 -8.441071e-04
2.371853e-01 -4.921156e-03
2.381859e-01 2.506621e-03
2.391866e-01 -5.819886e-03
2.401872e-01 9.087582e-03
2.411879e-01 8.810827e-03
2.421885e-01 2.778566e-03
2.431892e-01 -1.401327e-03
2.441898e-01 -7.518859e-03
2.451904e-01 1.139963e-02
2.461911e-01 8.104165e-03
2.471917e-01 1.043138e-02
2.481924e-01 2.695504e-03
2.491930e-01 3.552622e-03
2.501937e-01 2.012421e-02
2.511943e-01 -3.289221e-04
2.521950e-01 2.523547e-03
2.531956e-01 1.306231e-02
2.541963e-01 8.626249e-03
2.551969e-01 -1.489501e-02
2.561975e-01 -1.133324e-02
2.571982e-01 -1.087956e-03
2.581988e-01 1.459841e-02
2.591995e-01 1.218751e-02
2.602001e-01 1.064170e-02
2.612008e-01 1.169989e-02
2.622014e-01 -4.290702e-03
2.632021e-01 1.138581e-02
2.642027e-01 -3.860614e-03
2.652034e-01 1.480239e-02
2.662040e-01 2.012117e-04
2.672046e-01 8.100869e-03
2.682053e-01 -1.348235e-02
2.692059e-01 -8.247958e-03
2.702066e-01 1.612627e-02
2.712072e-01 1.211578e-02
2.722079e-01 -7.001932e-03
2.732085e-01 1.801271e-02
2.742092e-01 -5.771435e-03
2.752098e-01 5.315888e-03
2.762105e-01 2.953863e-04
2.772111e-01 -4.157398e-03
2.782117e-01 1.673676e-02
2.792124e-01 2.188801e-02
2.802130e-01 6.802016e-03
2.812137e-01 2.026057e-02
2.822143e-01 2.169968e-03
2.832150e-01 6.046966e-03
2.842156e-01 6.260757e-03
2.852163e-01 -6.639022e-03
2.862169e-01 9.905055e-03
2.872176e-01 1.199005e-02
2.882182e-01 3.141224e-03
2.892189e-01 -1.205850e-02
2.902195e-01 8.519317e-03
2.912201e-01 -1.032442e-02
2.922208e-01 -3.303330e-03
2.932214e-01 6.107430e-03
2.942221e-01 -2.919367e-03
2.952227e-01 7.298256e-03
2.962234e-01 2.483806e-03
2.972240e-01 -1.157445e-02
2.982247e-01 6.395013e-03
2.992253e-01 1.056606e-02
3.002260e-01 1.480941e-02
3.012266e-01 1.005043e-03
3.022272e-01 4.041377e-03
3.032279e-01 -1.030921e-02
3.042285e-01 2.427659e-02
3.052292e-01 1.966377e-02
3.062298e-01 4.281507e-03
3.072305e-01 3.337745e-03
3.082311e-01 -2.472959e-02
3.092318e-01 1.491189e-02
3.102324e-01 1.017466e-02
3.112331e-01 1.266110e-02
3.122337e-01 4.675891e-04
3.132343e-01 -1.869852e-04
3.142350e-01 -7.859506e-03
3.152356e-01 1.226230e-02
3.162363e-01 1.699140e-02
3.172369e-01 1.569650e-02
3.182376e-01 6.318182e-03
3.192382e-01 1.167164e-03
3.202389e-01 -6.097815e-03
3.212395e-01 -2.607276e-03
3.222402e-01 9.074204e-03
3.232408e-01 1.541764e-03
3.242414e-01 2.079006e-02
3.252421e-01 1.588843e-02
3.262427e-01 -1.664249e-03
3.272434e-01 -7.813685e-03
3.282440e-01 -1.152036e-03
3.292447e-01 1.497531e-02
3.302453e-01 -9.283012e-04
3.312460e-01 9.760363e-03
3.322466e-01 -1.368645e-03
3.332473e-01 7.711582e-03
3.342479e-01 9.551254e-03
3.352485e-01 1.411817e-02
3.362492e-01 1.858235e-02
3.372498e-01 1.734245e-02
3.382505e-01 -1.071239e-03
3.392511e-01 2.750708e-03
3.402518e-01 -7.523835e-03
3.412524e-01 1.845183e-03
3.422531e-01 4.435925e-03
3.432537e-01 1.439686e-04
3.442544e-01 -8.613680e-04
3.452550e-01 1.448628e-02
3.462556e-01 1.323141e-02
3.472563e-01 8.138986e-03
3.482569e-01 -8.636063e-03
3.492576e-01 6.139718e-03
3.502582e-01 2.795477e-04
3.512589e-01 1.727068e-02
3.522595e-01 -1.391788e-02
3.532602e-01 -1.491498e-03
3.542608e-01 -1.777972e-03
3.552615e-01 -5.853350e-04
3.562621e-01 1.364815e-02
3.572628e-01 -1.945919e-02
3.582634e-01 1.975984e-03
3.592640e-01 1.255590e-02
3.602647e-01 1.384214e-02
3.612653e-01 -1.457478e-03
3.622660e-01 -2.772066e-03
3.632666e-01 7.480339e-03
3.642673e-01 5.521129e-03
3.652679e-01 4.697424e-03
3.662686e-01 -3.401769e-02
3.672692e-01 -7.282859e-03
3.682699e-01 -4.650530e-03
3.692705e-01 1.040470e-02
3.702711e-01 -1.044002e-02
3.712718e-01 -6.505664e-03
3.722724e-01 2.409872e-03
3.732731e-01 -8.929076e-03
3.742737e-01 1.036864e-02
3.752744e-01 1.935375e-05
3.762750e-01 2.225580e-02
3.772757e-01 -2.377038e-03
3.782763e-01 -1.849215e-03
3.792770e-01 1.195153e-02
3.802776e-01 -2.652641e-03
3.812782e-01 1.901005e-02
3.822789e-01 8.717215e-03
3.832795e-01 8.430187e-04
3.842802e-01 2.267645e-03
3.852808e-01 3.237656e-02
3.862815e-01 8.749942e-03
3.872821e-01 5.362134e-03
3.882828e-01 2.525614e-03
3.892834e-01 1.421707e-02
3.902841e-01 -1.134370e-02
3.912847e-01 2.021854e-03
3.922853e-01 -2.450862e-02
3.932860e-01 -1.511861e-03
3.942866e-01 1.229579e-02
3.952873e-01 1.763319e-02
3.962879e-01 9.864992e-03
3.972886e-01 1.019943e-02
3.982892e-01 -1.336478e-02
3.992899e-01 -2.994965e-03
4.002905e-01 1.852741e-02
4.012912e-01 -1.460618e-03
4.022918e-01 2.412826e-03
4.032924e-01 -4.288259e-03
4.042931e-01 -5.575403e-03
4.052937e-01 -9.457882e-04
4.062944e-01 -2.858823e-03
4.072950e-01 1.332163e-02
4.082957e-01 5.895215e-03
4.092963e-01 1.392531e-02
4.102970e-01 -1.014092e-02
4.112976e-01 1.598101e-02
4.122983e-01 3.936106e-03
4.132989e-01 2.211013e-02
4.142995e-01 3.184016e-03
4.153002e-01 -1.122707e-02
4.163008e-01 1.654436e-02
4.173015e-01 2.332511e-03
4.183021e-01 -1.782848e-02
4.193028e-01 5.139921e-03
4.203034e-01 5.995596e-03
4.213041e-01 1.443982e-02
4.223047e-01 -3.220084e-02
4.233054e-01 1.515823e-02
4.243060e-01 -1.080966e-03
4.253066e-01 2.292298e-02
4.263073e-01 -1.352678e-02
4.273079e-01 9.104982e-03
4.283086e-01 7.764371e-03
4.293092e-01 -5.783444e-04
4.303099e-01 -4.099607e-03
4.313105e-01 -1.033210e-04
4.323112e-01 1.626320e-04
4.333118e-01 -8.908812e-03
4.343125e-01 1.355125e-02
4.353131e-01 -7.304886e-03
4.363138e-01 1.384484e-02
4.373144e-01 -1.428057e-02
4.383150e-01 1.832742e-03
4.393157e-01 1.977468e-03
4.403163e-01 3.438507e-03
4.413170e-01 1.315535e-02
4.423176e-01 1.564890e-03
4.433183e-01 -9.949402e-04
4.443189e-01 1.587094e-03
4.453196e-01 1.338648e-02
4.463202e-01 -8.483597e-03
4.473209e-01 -6.638126e-03
4.483215e-01 -1.600231e-02
4.493221e-01 2.383329e-02
4.503228e-01 -8.040494e-03
4.513234e-01 -1.530119e-02
4.523241e-01 -4.539666e-03
4.533247e-01 -2.579009e-03
4.543254e-01 1.819634e-02
4.553260e-01 -1.110949e-03
4.563267e-01 6.452016e-03
4.573273e-01 -1.437717e-02
4.583280e-01 5.606780e-03
4.593286e-01 -1.296468e-02
4.603292e-01 3.836945e-04
4.613299e-01 -4.082686e-03
4.623305e-01 4.095137e-03
4.633312e-01 9.852925e-03
4.643318e-01 -9.853686e-03
4.653325e-01 -7.862458e-03
4.663331e-01 5.434088e-03
4.673338e-01 1.036754e-02
4.683344e-01 1.766494e-02
4.693351e-01 -1.231201e-03
4.703357e-01 -1.143053e-02
4.713363e-01 5.347072e-03
4.723370e-01 -4.469048e-03
4.733376e-01 -5.770223e-03
4.743383e-01 1.755236e-02
4.753389e-01 9.654377e-03
4.763396e-01 -3.816931e-03
4.773402e-01 3.273386e-03
4.783409e-01 2.600401e-03
4.793415e-01 5.104812e-03
4.803422e-01 -6.088411e-04
4.813428e-01 -1.555336e-02
4.823434e-01 -6.319503e-03
4.833441e-01 -1.879224e-03
4.843447e-01 3.718617e-03
4.853454e-01 -7.388672e-03
4.863460e-01 5.293907e-03
4.873467e-01 -3.848578e-04
4.883473e-01 -4.170081e-03
4.893480e-01 -9.281265e-03
4.903486e-01 7.883250e-03
4.913493e-01 7.657622e-03
4.923499e-01 1.141426e-02
4.933505e-01 8.901814e-03
4.943512e-01 9.647167e-03
4.953518e-01 7.223512e-03
4.963525e-01 -1.418446e-02
4.973531e-01 6.053803e-04
4.983538e-01 -1.093032e-02
4.993544e-01 1.708258e-02
5.003551e-01 3.247286e-03
5.013557e-01 1.608196e-02
5.023564e-01 -6.921839e-03
5.033570e-01 2.459688e-03
5.043577e-01 6.009131e-03
5.053583e-01 6.338673e-05
5.063589e-01 5.247332e-03
5.073596e-01 1.818811e-02
5.083602e-01 -6.955604e-03
5.093609e-01 -2.301863e-02
5.103615e-01 1.936391e-02
5.113622e-01 -4.561875e-03
5.123628e-01 1.457684e-02
5.133635e-01 9.868075e-03
5.143641e-01 1.179186e-03
5.153648e-01 7.146624e-03
5.163654e-01 -8.065035e-03
5.173660e-01 4.196420e-03
5.183667e-01 9.275001e-03
5.193673e-01 -4.411568e-03
5.203680e-01 -4.739829e-04
5.213686e-01 6.452041e-03
5.223693e-01 1.655603e-02
5.233699e-01 3.288940e-03
5.243706e-01 -9.889050e-04
5.253712e-01 1.850749e-03
5.263719e-01 1.491389e-02
5.273725e-01 -3.105765e-03
5.283731e-01 3.042733e-04
5.293738e-01 -3.018764e-03
5.303744e-01 1.257934e-03
5.313751e-01 5.435318e-03
5.323757e-01 1.363442e-02
5.333764e-01 -1.795284e-02
5.343770e-01 8.845088e-03
5.353777e-01 -5.628406e-03
5.363783e-01 9.215495e-03
5.373790e-01 1.567845e-02
5.383796e-01 1.323537e-02
5.393802e-01 4.856334e-03
5.403809e-01 1.161907e-02
5.413815e-01 -6.162422e-03
5.423822e-01 2.590462e-03
5.433828e-01 1.846083e-02
5.443835e-01 -4.629079e-03
5.453841e-01 5.233535e-03
5.463848e-01 -4.335367e-04
5.473854e-01 1.304513e-03
5.483861e-01 7.313697e-03
5.493867e-01 5.551895e-04
5.503873e-01 3.213687e-03
5.513880e-01 -1.800647e-03
5.523886e-01 -1.500768e-02
5.533893e-01 5.170960e-03
5.543899e-01 7.632145e-03
5.553906e-01 1.705661e-02
5.563912e-01 1.913660e-03
5.573919e-01 -1.071733e-02
5.583925e-01 -4.312873e-03
5.593932e-01 8.628588e-03
5.603938e-01 2.376832e-03
5.613944e-01 6.012504e-03
5.623951e-01 -3.137330e-04
5.633957e-01 2.191264e-02
5.643964e-01 2.049191e-02
5.653970e-01 -6.106433e-03
5.663977e-01 1.229733e-02
5.673983e-01 6.245144e-03
5.683990e-01 3.337623e-03
5.693996e-01 -5.397340e-03
5.704003e-01 1.941236e-02
5.714009e-01 1.484716e-02
5.724015e-01 -1.137889e-02
5.734022e-01 1.702455e-02
5.744028e-01 2.803397e-03
5.754035e-01 -2.793183e-03
5.764041e-01 -6.583507e-03
5.774048e-01 1.262803e-02
5.784054e-01 7.176338e-03
5.794061e-01 -5.566518e-03
5.804067e-01 -4.938465e-03
5.814074e-01 -7.051451e-04
5.824080e-01 -1.957397e-03
5.834087e-01 8.443048e-03
5.844093e-01 6.950202e-03
5.854099e-01 -3.196076e-03
5.864106e-01 -1.341708e-02
5.874112e-01 -1.018437e-02
5.884119e-01 1.185378e-02
5.894125e-01 -6.797272e-03
5.904132e-01 4.259798e-03
5.914138e-01 -1.448551e-02
5.924145e-01 7.114285e-03
5.934151e-01 2.233658e-02
5.944158e-01 -1.014173e-02
5.954164e-01 8.633551e-03
5.964170e-01 5.858837e-03
5.974177e-01 1.231070e-02
5.984183e-01 1.817104e-03
5.994190e-01 5.855408e-03
6.004196e-01 4.944555e-03
6.014203e-01 8.850901e-03
6.024209e-01 -5.270991e-03
6.034216e-01 5.042291e-03
6.044222e-01 1.121873e-02
6.054229e-01 1.479305e-02
6.064235e-01 8.068117e-03
6.074241e-01 -8.211055e-03
6.084248e-01 -1.242959e-02
6.094254e-01 7.190141e-03
6.104261e-01 -7.014858e-03
6.114267e-01 1.154262e-02
6.124274e-01 2.191334e-04
6.134280e-01 1.321084e-02
6.144287e-01 2.435056e-02
6.154293e-01 2.466874e-03
6.164300e-01 1.927812e-03
6.174306e-01 1.322046e-02
6.184312e-01 1.372231e-02
6.194319e-01 2.009706e-02
6.204325e-01 5.044406e-03
6.214332e-01 -3.252228e-03
6.224338e-01 3.151314e-03
6.234345e-01 -3.164376e-03
6.244351e-01 5.467755e-03
6.254358e-01 -5.614994e-03
6.264364e-01 1.208522e-02
6.274371e-01 1.003780e-02
6.284377e-01 4.450991e-03
6.294383e-01 3.314182e-03
6.304390e-01 1.091749e-03
6.314396e-01 1.617649e-02
6.324403e-01 1.492588e-02
6.334409e-01 4.506649e-03
6.344416e-01 -5.519245e-03
6.354422e-01 -8.723453e-03
6.364429e-01 5.919017e-03
6.374435e-01 -3.340027e-03
6.384442e-01 7.797717e-03
6.394448e-01 -8.307883e-04
6.404454e-01 1.077150e-02
6.414461e-01 5.105906e-03
6.424467e-01 1.301008e-02
6.434474e-01 -1.931170e-02
6.444480e-01 7.546513e-04
6.454487e-01 2.519084e-02
6.464493e-01 -2.201084e-02
6.474500e-01 1.144510e-02
6.484506e-01 7.196432e-03
6.494513e-01 1.587122e-02
6.504519e-01 1.276113e-03
6.514526e-01 1.491340e-02
6.524532e-01 1.517674e-02
6.534538e-01 4.973308e-03
6.544545e-01 -8.636781e-03
6.554551e-01 1.213122e-02
6.564558e-01 -6.735363e-03
6.574564e-01 1.623080e-03
6.584571e-01 1.246377e-02
6.594577e-01 1.391321e-02
6.604584e-01 -4.892127e-04
6.614590e-01 9.258055e-03
6.624597e-01 -1.243929e-02
6.634603e-01 -1.739877e-03
6.644609e-01 1.767098e-02
6.654616e-01 1.641353e-02
6.664622e-01 9.669647e-03
6.674629e-01 1.557028e-03
6.684635e-01 1.144584e-02
6.694642e-01 2.738826e-03
6.704648e-01 4.651266e-03
6.714655e-01 3.850683e-03
6.724661e-01 -4.790473e-03
6.734668e-01 1.022186e-02
6.744674e-01 -7.738983e-03
6.754680e-01 1.071682e-02
6.764687e-01 -6.649766e-03
6.774693e-01 -4.266611e-03
6.784700e-01 -2.545644e-02
6.794706e-01 1.389095e-03
6.804713e-01 4.839715e-03
6.814719e-01 1.121645e-02
6.824726e-01 1.605238e-02
6.834732e-01 -1.196061e-02
6.844739e-01 1.278770e-02
6.854745e-01 -1.703008e-03
6.864751e-01 2.214642e-03
6.874758e-01 1.880471e-03
6.884764e-01 -1.564079e-03
6.894771e-01 -5.970128e-03
6.904777e-01 5.719067e-03
6.914784e-01 1.103627e-02
6.924790e-01 -9.674975e-03
6.934797e-01 2.726079e-03
6.944803e-01 -3.371530e-03
6.954810e-01 1.387574e-02
6.964816e-01 7.850247e-03
6.974822e-01 1.799944e-02
6.984829e-01 -1.257733e-02
6.994835e-01 1.325022e-02
7.004842e-01 4.532849e-03
7.014848e-01 -4.347599e-03
7.024855e-01 7.794114e-03
7.034861e-01 1.856036e-02
7.044868e-01 1.894411e-02
7.054874e-01 1.111810e-02
7.064881e-01 -7.022174e-03
7.074887e-01 5.990461e-03
7.084893e-01 6.314007e-03
7.094900e-01 1.530791e-02
7.104906e-01 1.236947e-03
7.114913e-01 3.039378e-03
7.124919e-01 -3.653463e-03
7.134926e-01 9.560463e-03
7.144932e-01 7.234523e-04
7.154939e-01 4.735313e-03
7.164945e-01 -1.822002e-03
7.174952e-01 3.343868e-03
7.184958e-01 -7.934683e-03
7.194964e-01 4.476316e-03
7.204971e-01 -3.160348e-03
7.214977e-01 9.856671e-03
7.224984e-01 2.133590e-02
7.234990e-01 1.131637e-02
7.244997e-01 -8.341885e-03
7.255003e-01 -7.376379e-04
7.265010e-01 -1.324363e-02
7.275016e-01 2.987013e-03
7.285023e-01 -1.489293e-02
7.295029e-01 -9.166469e-03
7.305036e-01 1.380787e-02
7.315042e-01 1.145367e-02
7.325048e-01 -1.236237e-02
7.335055e-01 -1.635093e-03
7.345061e-01 7.472187e-03
7.355068e-01 6.760254e-03
7.365074e-01 -1.343834e-02
7.375081e-01 5.431439e-03
7.385087e-01 -3.249171e-03
7.395094e-01 1.481405e-02
7.405100e-01 8.235895e-04
7.415107e-01 6.416280e-03
7.425113e-01 1.730220e-03
7.435119e-01 9.483893e-03
7.445126e-01 -4.863222e-03
7.455132e-01 9.498031e-03
7.465139e-01 1.490315e-02
7.475145e-01 2.116716e-02
7.485152e-01 1.864748e-02
7.495158e-01 -2.553600e-03
7.505165e-01 8.577150e-03
7.515171e-01 1.087866e-02
7.525178e-01 8.702176e-03
7.535184e-01 1.033455e-02
7.545190e-01 7.037245e-03
7.555197e-01 -2.656702e-03
7.565203e-01 4.865003e-03
7.575210e-01 1.125981e-02
7.585216e-01 7.406046e-03
7.595223e-01 -8.175493e-03
7.605229e-01 -5.990089e-03
7.615236e-01 -1.308268e-03
7.625242e-01 7.340680e-04
7.635249e-01 4.352992e-03
7.645255e-01 -6.992626e-03
7.655261e-01 1.072594e-02
7.665268e-01 -1.580120e-02
7.675274e-01 8.059522e-03
7.685281e-01 7.835904e-03
7.695287e-01 9.209624e-03
7.705294e-01 -2.790317e-02
7.715300e-01 -1.072798e-02
7.725307e-01 -7.641117e-04
7.735313e-01 4.443743e-03
7.745320e-01 1.945083e-03
7.755326e-01 -5.380391e-03
7.765332e-01 1.558559e-02
7.775339e-01 5.993528e-03
7.785345e-01 -1.196234e-03
7.795352e-01 -7.126316e-03
7.805358e-01 3.429617e-03
7.815365e-01 1.533258e-02
7.825371e-01 3.095458e-03
7.835378e-01 2.421275e-03
7.845384e-01 3.402665e-03
7.855391e-01 3.944093e-03
7.865397e-01 4.041634e-04
7.875403e-01 -6.994424e-03
7.885410e-01 1.802237e-02
7.895416e-01 9.105249e-03
7.905423e-01 2.389976e-02
7.915429e-01 7.702087e-03
7.925436e-01 4.117125e-04
7.935442e-01 -6.735629e-03
7.945449e-01 -5.791122e-04
7.955455e-01 -8.810475e-03
7.965462e-01 2.369547e-02
7.975468e-01 2.544861e-03
7.985474e-01 1.057386e-02
7.995481e-01 1.233109e-02
8.005487e-01 1.351868e-02
8.015494e-01 2.818634e-02
8.025500e-01 1.751644e-03
8.035507e-01 8.852639e-04
8.045513e-01 4.346811e-03
8.055520e-01 1.018555e-02
8.065526e-01 4.487030e-03
8.075533e-01 7.873948e-06
8.085539e-01 -4.464858e-03
8.095546e-01 -5.050848e-03
8.105552e-01 5.385506e-03
8.115558e-01 -7.299869e-03
8.125565e-01 -1.545328e-02
8.135571e-01 3.837581e-03
8.145578e-01 1.430962e-02
8.155584e-01 9.299574e-03
8.165591e-01 2.500728e-03
8.175597e-01 6.707767e-03
8.185604e-01 -1.379526e-02
8.195610e-01 -4.222362e-03
8.205617e-01 1.945287e-02
8.215623e-01 1.451152e-02
8.225629e-01 -4.447240e-03
8.235636e-01 2.020976e-02
8.245642e-01 -4.514116e-03
8.255649e-01 -5.568973e-03
8.265655e-01 1.802028e-02
8.275662e-01 1.573666e-02
8.285668e-01 -3.228173e-03
8.295675e-01 2.164695e-03
8.305681e-01 -7.632543e-04
8.315688e-01 7.693295e-03
8.325694e-01 1.832399e-02
8.335700e-01 7.969787e-03
8.345707e-01 1.507366e-03
8.355713e-01 -1.081842e-02
8.365720e-01 1.042238e-02
8.375726e-01 -9.588547e-03
8.385733e-01 7.677677e-04
8.395739e-01 1.221963e-02
8.405746e-01 1.074771e-02
8.415752e-01 1.102076e-02
8.425759e-01 9.621022e-03
8.435765e-01 4.088586e-03
8.445771e-01 5.649721e-03
8.455778e-01 3.547061e-03
8.465784e-01 7.450319e-03
8.475791e-01 7.975096e-03
8.485797e-01 3.954205e-03
8.495804e-01 7.757252e-03
8.505810e-01 -4.230908e-03
8.515817e-01 -4.540715e-04
8.525823e-01 4.918675e-03
8.535830e-01 2.184702e-02
8.545836e-01 7.899991e-03
8.555842e-01 1.260922e-03
8.565849e-01 4.042432e-04
8.575855e-01 1.004634e-02
8.585862e-01 1.630273e-03
8.595868e-01 8.974901e-03
8.605875e-01 7.715337e-03
8.615881e-01 -9.863276e-03
8.625888e-01 7.323563e-03
8.635894e-01 7.250161e-03
8.645901e-01 1.055881e-02
8.655907e-01 -5.780487e-03
8.665913e-01 1.352966e-02
8.675920e-01 9.188017e-04
8.685926e-01 2.246774e-02
8.695933e-01 2.010754e-02
8.705939e-01 -3.499170e-03
8.715946e-01 -1.111253e-02
8.725952e-01 9.550300e-03
8.735959e-01 -5.623591e-03
8.745965e-01 1.404940e-02
8.755972e-01 7.871171e-03
8.765978e-01 -1.196531e-02
8.775985e-01 1.038965e-02
8.785991e-01 3.939750e-03
8.795997e-01 6.686589e-03
8.806004e-01 1.780417e-02
8.816010e-01 1.262720e-03
8.826017e-01 1.014040e-02
8.836023e-01 -3.425471e-03
8.846030e-01 -3.181394e-03
8.856036e-01 3.734205e-04
8.866043e-01 -3.650676e-03
8.876049e-01 8.229996e-03
8.886056e-01 -1.068474e-02
8.896062e-01 1.084334e-02
8.906068e-01 -5.069167e-03
8.916075e-01 6.321413e-03
8.926081e-01 -9.331715e-03
8.936088e-01 7.318193e-03
8.946094e-01 1.337920e-02
8.956101e-01 2.635088e-03
8.966107e-01 1.802245e-02
8.976114e-01 1.134815e-03
8.986120e-01 6.645824e-03
8.996127e-01 -6.724264e-03
9.006133e-01 6.912976e-03
9.016139e-01 -3.154464e-03
9.026146e-01 -4.678721e-03
9.036152e-01 1.832449e-02
9.046159e-01 -1.018048e-02
9.056165e-01 1.372307e-03
9.066172e-01 9.646163e-03
9.076178e-01 4.857239e-03
9.086185e-01 -1.595847e-02
9.096191e-01 8.552167e-03
9.106198e-01 -1.127864e-02
9.116204e-01 -1.922895e-03
9.126210e-01 6.547485e-05
9.136217e-01 -2.669411e-02
9.146223e-01 1.445453e-03
9.156230e-01 9.161514e-03
9.166236e-01 8.001778e-04
9.176243e-01 4.348604e-03
9.186249e-01 2.511546e-02
9.196256e-01 1.375028e-02
9.206262e-01 3.088022e-03
9.216269e-01 2.836254e-02
9.226275e-01 -3.872968e-03
9.236281e-01 7.685805e-03
9.246288e-01 -1.327891e-02
9.256294e-01 6.468901e-03
9.266301e-01 1.369813e-03
9.276307e-01 3.090145e-03
9.286314e-01 6.185324e-03
9.296320e-01 5.278849e-03
9.306327e-01 -8.249163e-03
9.316333e-01 -1.358040e-03
9.326340e-01 2.534322e-03
9.336346e-01 -1.181974e-02
9.346352e-01 1.049602e-02
9.356359e-01 2.129745e-02
9.366365e-01 5.502375e-03
9.376372e-01 -2.811882e-03
9.386378e-01 -2.055568e-02
9.396385e-01 -1.274721e-02
9.406391e-01 5.852474e-03
9.416398e-01 1.508287e-02
9.426404e-01 2.559726e-04
9.436411e-01 -1.241728e-02
9.446417e-01 -6.256800e-03
9.456423e-01 -3.270516e-03
9.466430e-01 -1.687538e-02
9.476436e-01 -6.572471e-04
9.486443e-01 1.137061e-02
9.496449e-01 -1.437276e-02
9.506456e-01 -3.153011e-03
9.516462e-01 -1.780133e-02
9.526469e-01 -5.751447e-03
9.536475e-01 9.579357e-04
9.546482e-01 1.264877e-02
9.556488e-01 6.992126e-03
9.566495e-01 -9.401103e-03
9.576501e-01 3.371522e-03
9.586507e-01 -9.092892e-04
9.596514e-01 2.299681e-03
9.606520e-01 4.317730e-04
9.616527e-01 5.558782e-03
9.626533e-01 4.234529e-03
9.636540e-01 1.108608e-02
9.646546e-01 3.586008e-03
9.656553e-01 1.931774e-02
9.666559e-01 7.609042e-03
9.676566e-01 1.719823e-02
9.686572e-01 9.615977e-03
9.696578e-01 -4.316030e-03
9.706585e-01 1.483936e-02
9.716591e-01 1.425030e-02
9.726598e-01 -2.631370e-02
9.736604e-01 -3.079214e-03
9.746611e-01 1.683119e-02
9.756617e-01 1.294583e-02
9.766624e-01 -1.220386e-02
9.776630e-01 1.098629e-02
9.786637e-01 1.966938e-02
9.796643e-01 8.462381e-03
9.806649e-01 -1.236480e-02
9.816656e-01 -5.446028e-03
9.826662e-01 6.395535e-03
9.836669e-01 2.335091e-04
9.846675e-01 1.516385e-02
9.856682e-01 9.698085e-03
9.866688e-01 2.201575e-02
9.876695e-01 1.258851e-02
9.886701e-01 7.906088e-03
9.896708e-01 -7.642540e-04
9.906714e-01 1.642208e-02
9.916720e-01 2.430826e-03
9.926727e-01 -7.884780e-03
9.936733e-01 2.854309e-03
9.946740e-01 1.452426e-03
9.956746e-01 -7.566038e-03
9.966753e-01 1.064613e-02
9.976759e-01 9.618492e-04
9.986766e-01 6.320404e-03
9.996772e-01 -5.446182e-03
1.000678e+00 7.145805e-04
1.001679e+00 1.010294e-02
1.002679e+00 -1.102105e-04
1.003680e+00 -1.296951e-03
1.004680e+00 2.419799e-02
1.005681e+00 5.515201e-03
1.006682e+00 9.684712e-03
1.007682e+00 9.812423e-03
1.008683e+00 3.318078e-03
1.009684e+00 7.623087e-03
1.010684e+00 -7.384877e-03
1.011685e+00 1.682573e-02
1.012686e+00 1.481154e-02
1.013686e+00 4.242594e-03
1.014687e+00 2.402412e-03
1.015688e+00 -1.005897e-02
1.016688e+00 1.262878e-02
1.017689e+00 -2.162920e-04
1.018689e+00 8.430155e-03
1.019690e+00 -1.207584e-02
1.020691e+00 8.643855e-03
1.021691e+00 5.752118e-04
1.022692e+00 2.445216e-03
1.023693e+00 -1.185357e-02
1.024693e+00 9.113613e-03
1.025694e+00 -3.803866e-03
1.026695e+00 1.849694e-03
1.027695e+00 1.036004e-02
1.028696e+00 1.459961e-03
1.029697e+00 2.217750e-02
1.030697e+00 -6.674535e-03
1.031698e+00 4.716779e-03
1.032699e+00 6.443579e-03
1.033699e+00 -7.880953e-03
1.034700e+00 3.181294e-03
1.035700e+00 3.568161e-04
1.036701e+00 4.562209e-03
1.037702e+00 6.838977e-03
1.038702e+00 1.628344e-02
1.039703e+00 5.181103e-03
1.040704e+00 7.768492e-03
1.041704e+00 1.728940e-02
1.042705e+00 -1.354796e-02
1.043706e+00 -3.188533e-04
1.044706e+00 2.673274e-03
1.045707e+00 -1.326561e-02
1.046708e+00 3.055244e-03
1.047708e+00 -2.127118e-02
1.048709e+00 9.340706e-03
1.049709e+00 -1.249908e-02
1.050710e+00 -1.022963e-02
1.051711e+00 7.524114e-03
1.052711e+00 -1.439661e-02
1.053712e+00 2.281537e-02
1.054713e+00 3.442051e-03
1.055713e+00 1.303545e-03
1.056714e+00 1.430486e-02
1.057715e+00 1.474298e-03
1.058715e+00 4.676154e-03
1.059716e+00 7.092984e-04
1.060717e+00 -2.751412e-03
1.061717e+00 5.977094e-03
1.062718e+00 7.513961e-03
1.063719e+00 -1.046924e-02
1.064719e+00 -6.551124e-03
1.065720e+00 -4.335080e-03
1.066720e+00 1.961654e-03
1.067721e+00 5.712609e-03
1.068722e+00 2.381533e-02
1.069722e+00 5.003342e-03
1.070723e+00 5.079738e-04
1.071724e+00 -4.898926e-03
1.072724e+00 1.210118e-02
1.073725e+00 2.127804e-03
1.074726e+00 5.662849e-03
1.075726e+00 2.236987e-03
1.076727e+00 7.748030e-03
1.077728e+00 7.027734e-03
1.078728e+00 5.977641e-03
1.079729e+00 2.276025e-03
1.080730e+00 3.170464e-03
1.081730e+00 6.057854e-03
1.082731e+00 -1.700882e-02
1.083731e+00 1.890901e-03
1.084732e+00 1.203801e-02
1.085733e+00 -2.574545e-03
1.086733e+00 -1.867410e-02
1.087734e+00 -1.162477e-02
1.088735e+00 2.976044e-03
1.089735e+00 -4.985035e-03
1.090736e+00 3.560303e-03
1.091737e+00 2.034926e-03
1.092737e+00 -2.473499e-03
1.093738e+00 -6.933440e-03
1.094739e+00 4.169905e-03
1.095739e+00 2.902851e-03
1.096740e+00 9.731387e-04
1.097740e+00 1.093468e-02
1.098741e+00 4.222380e-03
1.099742e+00 -3.752777e-03
1.100742e+00 -1.379897e-03
1.101743e+00 1.585238e-03
1.102744e+00 3.434962e-03
1.103744e+00 1.556571e-02
1.104745e+00 1.908084e-02
1.105746e+00 -2.490874e-03
1.106746e+00 -7.996982e-03
1.107747e+00 -3.233214e-03
1.108748e+00 6.395376e-03
1.109748e+00 1.052049e-02
1.110749e+00 -1.890006e-03
1.111750e+00 -6.952107e-03
1.112750e+00 6.011787e-03
1.113751e+00 8.422623e-03
1.114751e+00 1.253165e-02
1.115752e+00 -4.193438e-03
1.116753e+00 5.470880e-03
1.117753e+00 -1.413622e-02
1.118754e+00 1.122331e-03
1.119755e+00 9.362971e-03
1.120755e+00 1.701356e-02
1.121756e+00 5.196509e-03
1.122757e+00 -2.440943e-04
1.123757e+00 -1.188767e-02
1.124758e+00 4.454177e-03
1.125759e+00 8.486587e-03
1.126759e+00 1.230419e-02
1.127760e+00 4.598181e-03
1.128760e+00 -7.390116e-03
1.129761e+00 7.698172e-03
1.130762e+00 1.906047e-02
1.131762e+00 -4.637776e-04
1.132763e+00 -5.865714e-03
1.133764e+00 -1.139481e-03
1.134764e+00 2.024041e-03
1.135765e+00 -3.080445e-03
1.136766e+00 9.216241e-03
1.137766e+00 6.458759e-03
1.138767e+00 -1.193251e-03
1.139768e+00 1.950297e-03
1.140768e+00 -1.324356e-02
1.141769e+00 5.358188e-03
1.142770e+00 -1.179387e-02
1.143770e+00 -6.305705e-04
1.144771e+00 -2.472148e-03
1.145771e+00 6.805639e-03
1.146772e+00 -2.303017e-03
1.147773e+00 1.667379e-03
1.148773e+00 1.708743e-02
1.149774e+00 -1.356025e-02
1.150775e+00 3.263645e-03
1.151775e+00 1.077328e-02
1.152776e+00 -4.147753e-03
1.153777e+00 2.337534e-03
1.154777e+00 -1.148642e-02
1.155778e+00 -1.396236e-02
1.156779e+00 9.345090e-03
1.157779e+00 -1.148871e-03
1.158780e+00 -1.100572e-02
1.159781e+00 -2.614090e-03
1.160781e+00 8.162612e-03
1.161782e+00 7.629155e-03
1.162782e+00 1.259275e-02
1.163783e+00 -2.925988e-03
1.164784e+00 -4.161813e-03
1.165784e+00 5.419941e-03
1.166785e+00 1.211066e-02
1.167786e+00 -1.637308e-03
1.168786e+00 1.168877e-02
1.169787e+00 -1.229265e-03
1.170788e+00 2.247853e-02
1.171788e+00 -1.509415e-02
1.172789e+00 1.744952e-02
1.173790e+00 -1.287505e-02
1.174790e+00 1.433007e-02
1.175791e+00 2.954929e-03
1.176791e+00 -2.437921e-03
1.177792e+00 -6.993608e-03
1.178793e+00 -7.188539e-03
1.179793e+00 8.908830e-03
1.180794e+00 6.692952e-03
1.181795e+00 2.040050e-04
1.182795e+00 1.821199e-03
1.183796e+00 -6.627178e-03
1.184797e+00 7.585535e-04
1.185797e+00 1.094123e-02
1.186798e+00 -6.994502e-03
1.187799e+00 7.291390e-03
1.188799e+00 -2.535856e-03
1.189800e+00 -1.319848e-02
1.190801e+00 1.269260e-02
1.191801e+00 -1.166506e-02
1.192802e+00 -2.575264e-03
1.193802e+00 1.276415e-02
1.194803e+00 -5.801888e-03
1.195804e+00 1.149436e-02
1.196804e+00 -2.417585e-03
1.197805e+00 1.130146e-03
1.198806e+00 2.091012e-02
1.199806e+00 1.342116e-02
1.200807e+00 2.923719e-03
1.201808e+00 -4.479430e-03
1.202808e+00 2.327950e-03
1.203809e+00 1.855380e-02
1.204810e+00 2.377682e-02
1.205810e+00 -4.143391e-03
1.206811e+00 1.649600e-02
1.207811e+00 -1.372612e-02
1.208812e+00 7.932845e-03
1.209813e+00 5.793064e-03
1.210813e+00 1.245899e-02
1.211814e+00 -6.277447e-03
1.212815e+00 3.505435e-03
1.213815e+00 -1.657371e-02
1.214816e+00 -4.258142e-03
1.215817e+00 1.871100e-03
1.216817e+00 3.984892e-03
1.217818e+00 2.995810e-02
1.218819e+00 -3.056933e-03
1.219819e+00 2.244156e-03
1.220820e+00 -9.485749e-03
1.221821e+00 -1.683106e-02
1.222821e+00 1.101509e-02
1.223822e+00 1.108470e-02
1.224822e+00 -1.172560e-02
1.225823e+00 -1.487047e-02
1.226824e+00 -4.332739e-03
1.227824e+00 1.869497e-02
1.228825e+00 -1.285806e-02
1.229826e+00 8.839960e-03
1.230826e+00 3.334898e-03
1.231827e+00 -9.989019e-04
1.232828e+00 -4.028101e-03
1.233828e+00 4.466378e-03
1.234829e+00 -1.092749e-03
1.235830e+00 -1.979357e-03
1.236830e+00 -6.290491e-05
1.237831e+00 1.312736e-02
1.238832e+00 4.138202e-03
1.239832e+00 2.697956e-03
1.240833e+00 1.583287e-02
1.241833e+00 -6.757473e-04
1.242834e+00 1.633276e-02
1.243835e+00 -4.755081e-03
1.244835e+00 7.313185e-03
1.245836e+00 -1.230682e-03
1.246837e+00 1.314044e-03
1.247837e+00 -4.434729e-03
1.248838e+00 -9.575462e-04
1.249839e+00 -5.010929e-03
1.250839e+00 6.022157e-03
1.251840e+00 -6.255382e-03
1.252841e+00 7.356539e-03
1.253841e+00 2.546028e-02
1.254842e+00 -1.356213e-02
1.255842e+00 -2.173426e-02
1.256843e+00 -7.896337e-03
1.257844e+00 9.417252e-03
1.258844e+00 -5.128648e-03
1.259845e+00 7.756431e-03
1.260846e+00 1.147250e-02
1.261846e+00 -5.318212e-04
1.262847e+00 1.082531e-02
1.263848e+00 -2.071871e-02
1.264848e+00 1.032030e-02
1.265849e+00 9.966685e-03
1.266850e+00 9.779976e-04
1.267850e+00 1.200637e-02
1.268851e+00 1.637931e-02
1.269852e+00 2.129656e-02
1.270852e+00 2.137953e-02
1.271853e+00 2.520972e-03
1.272853e+00 5.522254e-04
1.273854e+00 1.182066e-03
1.274855e+00 -2.478314e-02
1.275855e+00 8.942014e-03
1.276856e+00 2.545269e-02
1.277857e+00 7.616152e-03
1.278857e+00 -1.225829e-02
1.279858e+00 -7.991726e-03
1.280859e+00 -7.430378e-03
1.281859e+00 1.852309e-02
1.282860e+00 6.975197e-03
1.283861e+00 8.331237e-03
1.284861e+00 5.483940e-03
1.285862e+00 -9.167451e-03
1.286862e+00 -7.493077e-03
1.287863e+00 8.752110e-03
1.288864e+00 2.805537e-03
1.289864e+00 -1.663887e-02
1.290865e+00 9.801087e-03
1.291866e+00 1.610681e-02
1.292866e+00 2.002134e-03
1.293867e+00 -1.222729e-03
1.294868e+00 1.559354e-02
1.295868e+00 -2.299666e-05
1.296869e+00 -4.205195e-03
1.297870e+00 -1.345331e-02
1.298870e+00 -2.981553e-03
1.299871e+00 2.059915e-02
1.300872e+00 1.356590e-02
1.301872e+00 3.120205e-03
1.302873e+00 1.866527e-03
1.303873e+00 1.182037e-02
1.304874e+00 2.945702e-03
1.305875e+00 -1.071765e-02
1.306875e+00 3.363033e-03
1.307876e+00 3.673929e-03
1.308877e+00 2.046586e-03
1.309877e+00 4.490757e-03
1.310878e+00 -5.014034e-03
1.311879e+00 3.464412e-03
1.312879e+00 -1.412038e-02
1.313880e+00 -7.295185e-03
1.314881e+00 -5.287011e-04
1.315881e+00 7.933947e-03
1.316882e+00 -1.066020e-03
1.317883e+00 6.308001e-03
1.318883e+00 1.213152e-02
1.319884e+00 2.610580e-02
1.320884e+00 -1.029246e-03
1.321885e+00 -4.536395e-03
1.322886e+00 2.285538e-03
1.323886e+00 3.882635e-03
1.324887e+00 7.358339e-03
1.325888e+00 1.002137e-02
1.326888e+00 -9.293610e-04
1.327889e+00 9.162645e-03
1.328890e+00 2.711694e-03
1.329890e+00 1.416448e-02
1.330891e+00 -8.986247e-04
1.331892e+00 3.290794e-03
1.332892e+00 4.589536e-03
1.333893e+00 1.321096e-02
1.334893e+00 1.843416e-03
1.335894e+00 -8.482848e-03
1.336895e+00 -1.507429e-02
1.337895e+00 1.222077e-02
1.338896e+00 8.282160e-03
1.339897e+00 1.849763e-02
1.340897e+00 2.801567e-03
1.341898e+00 2.741625e-03
1.342899e+00 3.668059e-03
1.343899e+00 -3.487241e-03
1.344900e+00 -5.166087e-03
1.345901e+00 6.254601e-03
1.346901e+00 1.367783e-02
1.347902e+00 7.906221e-03
1.348903e+00 -2.943097e-03
1.349903e+00 6.112126e-03
1.350904e+00 3.629032e-03
1.351904e+00 -3.770375e-03
1.352905e+00 -1.036319e-02
1.353906e+00 -6.445429e-03
1.354906e+00 1.381423e-02
1.355907e+00 4.394358e-03
1.356908e+00 -4.234301e-03
1.357908e+00 2.621347e-03
1.358909e+00 7.962936e-03
1.359910e+00 -3.548255e-03
1.360910e+00 -5.798175e-03
1.361911e+00 -1.591328e-02
1.362912e+00 1.273499e-02
1.363912e+00 7.727491e-03
1.364913e+00 8.540923e-03
1.365913e+00 7.465005e-03
1.366914e+00 -1.843135e-02
1.367915e+00 2.939416e-03
1.368915e+00 6.341785e-03
1.369916e+00 2.548201e-03
1.370917e+00 -2.167364e-02
1.371917e+00 5.903526e-04
1.372918e+00 -7.356751e-04
1.373919e+00 1.221105e-02
1.374919e+00 7.954300e-04
1.375920e+00 -3.368308e-03
1.376921e+00 -3.375391e-03
1.377921e+00 9.059535e-03
1.378922e+00 8.554902e-03
1.379923e+00 -3.111046e-04
1.380923e+00 -2.161430e-03
1.381924e+00 -2.119347e-02
1.382924e+00 -1.859152e-02
1.383925e+00 -6.530753e-03
1.384926e+00 3.837454e-04
1.385926e+00 -6.088307e-03
1.386927e+00 -1.332126e-02
1.387928e+00 1.450579e-03
1.388928e+00 1.599631e-03
1.389929e+00 1.490880e-02
1.390930e+00 -1.771924e-03
1.391930e+00 -5.325968e-04
1.392931e+00 -5.358014e-03
1.393932e+00 2.785018e-02
1.394932e+00 8.257705e-03
1.395933e+00 -6.474325e-03
1.396934e+00 -1.789190e-02
1.397934e+00 -1.108147e-02
1.398935e+00 -7.386725e-03
1.399935e+00 -1.181373e-02
1.400936e+00 6.161994e-04
1.401937e+00 -8.366899e-03
1.402937e+00 -1.424929e-02
1.403938e+00 8.175415e-03
1.404939e+00 -1.361217e-02
1.405939e+00 -2.373585e-02
1.406940e+00 1.116628e-02
1.407941e+00 1.969887e-02
1.408941e+00 2.196993e-03
1.409942e+00 8.657153e-03
1.410943e+00 8.505041e-03
1.411943e+00 2.534236e-02
1.412944e+00 -8.114236e-03
1.413944e+00 -2.753436e-03
1.414945e+00 -2.604213e-03
1.415946e+00 2.326974e-03
1.416946e+00 -2.889133e-04
1.417947e+00 9.603119e-04
1.418948e+00 3.208592e-03
1.419948e+00 2.156053e-02
1.420949e+00 4.519623e-03
1.421950e+00 1.007227e-02
1.422950e+00 8.455999e-03
1.423951e+00 5.340199e-03
1.424952e+00 -8.891874e-04
1.425952e+00 9.820919e-03
1.426953e+00 -1.573419e-02
1.427954e+00 1.716993e-02
1.428954e+00 8.445167e-03
1.429955e+00 2.773251e-03
1.430955e+00 1.641397e-03
1.431956e+00 3.965383e-03
1.432957e+00 9.901370e-03
1.433957e+00 6.393461e-03
1.434958e+00 1.541647e-02
1.435959e+00 1.891143e-02
1.436959e+00 1.270014e-02
1.437960e+00 -1.315614e-02
1.438961e+00 -3.453875e-03
1.439961e+00 1.152930e-02
1.440962e+00 2.305901e-02
1.441963e+00 -4.114538e-03
1.442963e+00 7.753955e-03
1.443964e+00 1.403155e-02
1.444964e+00 2.810828e-03
1.445965e+00 -1.043073e-02
1.446966e+00 2.130142e-02
1.447966e+00 -6.934402e-03
1.448967e+00 -5.654332e-03
1.449968e+00 4.429013e-03
1.450968e+00 2.295899e-03
1.451969e+00 -7.430473e-03
1.452970e+00 1.850468e-02
1.453970e+00 6.947324e-03
1.454971e+00 1.079387e-02
1.455972e+00 1.306292e-03
1.456972e+00 1.669208e-03
1.457973e+00 1.496447e-02
1.458974e+00 -3.466793e-03
1.459974e+00 -1.828661e-03
1.460975e+00 6.394929e-03
1.461975e+00 1.077489e-02
1.462976e+00 1.080292e-02
1.463977e+00 -7.693777e-03
1.464977e+00 -9.105671e-03
1.465978e+00 -6.756452e-03
1.466979e+00 1.056466e-02
1.467979e+00 1.055045e-02
1.468980e+00 4.929682e-03
1.469981e+00 4.691049e-03
1.470981e+00 -1.479285e-02
1.471982e+00 4.910224e-03
1.472983e+00 -1.401459e-02
1.473983e+00 9.974430e-03
1.474984e+00 -1.435992e-03
1.475985e+00 4.138340e-03
1.476985e+00 -4.198716e-04
1.477986e+00 9.110936e-04
1.478986e+00 -9.426472e-03
1.479987e+00 2.284315e-05
1.480988e+00 1.078970e-03
1.481988e+00 3.775093e-03
1.482989e+00 7.153890e-03
1.483990e+00 6.509656e-03
1.484990e+00 4.401490e-03
1.485991e+00 -4.819096e-03
1.486992e+00 -1.129215e-02
1.487992e+00 -8.322407e-03
1.488993e+00 -6.474487e-03
1.489994e+00 1.016296e-02
1.490994e+00 1.245370e-02
1.491995e+00 -6.267874e-03
1.492995e+00 -9.903986e-03
1.493996e+00 -1.453050e-02
1.494997e+00 -4.543145e-03
1.495997e+00 5.849845e-03
1.496998e+00 -9.184803e-03
1.497999e+00 1.355186e-02
1.498999e+00 5.356156e-03
1.500000e+00 1.234929e-02
1.501000e+00 -7.965284e-03
1.502001e+00 7.121158e-03
1.503001e+00 -1.109329e-02
1.504002e+00 6.918099e-03
1.505003e+00 1.440743e-02
1.506003e+00 1.426170e-02
1.507004e+00 -5.313052e-03
1.508005e+00 -8.822874e-03
1.509005e+00 -1.657595e-03
1.510006e+00 1.571070e-02
1.511006e+00 -1.362288e-02
1.512007e+00 -1.513273e-02
1.513008e+00 -2.045520e-02
1.514008e+00 9.425929e-04
1.515009e+00 -1.699241e-02
1.516010e+00 1.190900e-02
1.517010e+00 1.640797e-02
1.518011e+00 -1.368429e-03
1.519012e+00 2.393079e-02
1.520012e+00 2.335008e-03
1.521013e+00 -5.049028e-03
1.522014e+00 -5.213259e-03
1.523014e+00 1.432953e-02
1.524015e+00 7.928091e-03
1.525015e+00 -2.030271e-02
1.526016e+00 -1.880218e-02
1.527017e+00 -1.469470e-02
1.528017e+00 -5.926075e-03
1.529018e+00 -1.298881e-02
1.530019e+00 -7.645780e-03
1.531019e+00 -8.227859e-03
1.532020e+00 -1.120508e-02
1.533021e+00 2.119519e-02
1.534021e+00 1.419224e-02
1.535022e+00 1.779969e-02
1.536023e+00 1.678401e-02
1.537023e+00 -7.084836e-04
1.538024e+00 1.106493e-03
1.539025e+00 -9.276391e-03
1.540025e+00 1.483767e-03
1.541026e+00 -1.000259e-02
1.542026e+00 -1.602394e-02
1.543027e+00 -7.670276e-03
1.544028e+00 8.721458e-03
1.545028e+00 9.699138e-04
1.546029e+00 6.028526e-03
1.547030e+00 1.709565e-04
1.548030e+00 -9.187143e-03
1.549031e+00 5.194774e-03
1.550032e+00 9.483237e-04
1.551032e+00 1.315911e-02
1.552033e+00 1.703978e-02
1.553034e+00 7.789525e-03
1.554034e+00 1.990479e-02
1.555035e+00 1.700112e-02
1.556036e+00 2.344737e-02
1.557036e+00 3.111567e-02
1.558037e+00 4.548635e-02
1.559037e+00 3.806755e-02
1.560038e+00 6.063117e-02
1.561039e+00 5.119259e-02
1.562039e+00 4.457061e-02
1.563040e+00 5.784806e-02
1.564041e+00 4.050460e-02
1.565041e+00 4.137592e-02
1.566042e+00 6.111473e-02
1.567043e+00 3.429699e-02
1.568043e+00 4.551645e-02
1.569044e+00 4.281763e-02
1.570045e+00 3.884568e-02
1.571045e+00 5.558643e-02
1.572046e+00 5.388731e-02
1.573046e+00 5.156000e-02
1.574047e+00 4.454070e-02
1.575048e+00 5.024912e-02
1.576048e+00 2.333369e-02
1.577049e+00 3.883406e-02
1.578050e+00 4.278481e-02
1.579050e+00 3.604743e-02
1.580051e+00 4.333738e-02
1.581052e+00 6.484518e-02
1.582052e+00 4.169312e-02
1.583053e+00 4.422990e-02
1.584054e+00 4.169852e-02
1.585054e+00 2.724989e-02
1.586055e+00 2.391355e-02
1.587056e+00 2.216049e-02
1.588056e+00 4.074577e-02
1.589057e+00 1.711859e-02
1.590057e+00 4.352248e-02
1.591058e+00 3.838104e-02
1.592059e+00 5.307082e-02
1.593059e+00 4.426947e-02
1.594060e+00 8.117939e-02
1.595061e+00 7.171994e-02
1.596061e+00 5.850694e-02
1.597062e+00 9.353091e-02
1.598063e+00 7.107215e-02
1.599063e+00 7.328404e-02
1.600064e+00 7.452452e-02
1.601065e+00 8.387038e-02
1.602065e+00 9.293271e-02
1.603066e+00 9.245043e-02
1.604066e+00 1.116946e-01
1.605067e+00 7.932195e-02
1.606068e+00 8.077100e-02
1.607068e+00 7.102124e-02
1.608069e+00 7.296916e-02
1.609070e+00 9.439962e-02
1.610070e+00 7.740334e-02
1.611071e+00 8.618636e-02
1.612072e+00 8.122188e-02
1.613072e+00 6.963312e-02
1.614073e+00 7.113057e-02
1.615074e+00 5.986250e-02
1.616074e+00 7.583156e-02
1.617075e+00 7.790563e-02
1.618076e+00 7.762033e-02
1.619076e+00 9.934054e-02
1.620077e+00 8.565550e-02
1.621077e+00 1.077832e-01
1.622078e+00 1.040311e-01
1.623079e+00 1.278086e-01
1.624079e+00 1.290724e-01
1.625080e+00 1.595232e-01
1.626081e+00 1.687882e-01
1.627081e+00 1.741102e-01
1.628082e+00 1.793273e-01
1.629083e+00 1.835807e-01
1.630083e+00 1.864901e-01
1.631084e+00 1.947590e-01
1.632085e+00 1.970305e-01
1.633085e+00 2.004554e-01
1.634086e+00 2.204615e-01
1.635087e+00 2.329936e-01
1.636087e+00 2.378249e-01
1.637088e+00 2.530920e-01
1.638088e+00 2.325054e-01
1.639089e+00 2.240702e-01
1.640090e+00 2.326662e-01
1.641090e+00 2.333018e-01
1.642091e+00 2.285320e-01
1.643092e+00 2.250020e-01
1.644092e+00 2.326848e-01
1.645093e+00 2.319112e-01
1.646094e+00 2.207116e-01
1.647094e+00 2.181063e-01
1.648095e+00 2.316877e-01
1.649096e+00 2.311333e-01
1.650096e+00 2.166591e-01
1.651097e+00 2.215571e-01
1.652097e+00 2.266804e-01
1.653098e+00 2.214661e-01
1.654099e+00 2.342367e-01
1.655099e+00 2.036498e-01
1.656100e+00 1.999738e-01
1.657101e+00 2.212484e-01
1.658101e+00 2.160089e-01
1.659102e+00 2.055238e-01
1.660103e+00 2.203823e-01
1.661103e+00 2.015745e-01
1.662104e+00 2.116665e-01
1.663105e+00 2.032857e-01
1.664105e+00 1.958712e-01
1.665106e+00 1.979330e-01
1.666107e+00 2.124465e-01
1.667107e+00 1.954371e-01
1.668108e+00 2.129594e-01
1.669108e+00 1.980174e-01
1.670109e+00 1.925225e-01
1.671110e+00 1.836201e-01
1.672110e+00 1.990410e-01
1.673111e+00 1.929597e-01
1.674112e+00 1.887469e-01
1.675112e+00 1.891690e-01
1.676113e+00 1.856049e-01
1.677114e+00 1.735114e-01
1.678114e+00 1.906897e-01
1.679115e+00 2.013926e-01
1.680116e+00 1.984866e-01
1.681116e+00 1.812559e-01
1.682117e+00 1.763684e-01
1.683117e+00 1.784621e-01
1.684118e+00 1.701226e-01
1.685119e+00 1.778767e-01
1.686119e+00 1.775500e-01
1.687120e+00 1.605235e-01
1.688121e+00 1.680204e-01
1.689121e+00 1.788160e-01
1.690122e+00 1.778526e-01
1.691123e+00 1.550475e-01
1.692123e+00 1.773804e-01
1.693124e+00 1.623649e-01
1.694125e+00 1.637634e-01
1.695125e+00 1.612179e-01
1.696126e+00 1.405365e-01
1.697127e+00 1.647187e-01
1.698127e+00 1.432644e-01
1.699128e+00 1.719131e-01
1.700128e+00 1.603095e-01
1.701129e+00 1.941386e-01
1.702130e+00 1.946224e-01
1.703130e+00 2.051946e-01
1.704131e+00 1.968194e-01
1.705132e+00 1.891414e-01
1.706132e+00 1.993637e-01
1.707133e+00 2.133397e-01
1.708134e+00 2.149356e-01
1.709134e+00 2.014848e-01
1.710135e+00 2.227103e-01
1.711136e+00 2.083891e-01
1.712136e+00 1.911377e-01
1.713137e+00 2.090919e-01
1.714138e+00 1.974643e-01
1.715138e+00 2.121671e-01
1.716139e+00 2.106574e-01
1.717139e+00 2.198712e-01
1.718140e+00 2.258101e-01
1.719141e+00 2.487004e-01
1.720141e+00 2.350690e-01
1.721142e+00 2.522228e-01
1.722143e+00 2.523083e-01
1.723143e+00 2.432706e-01
1.724144e+00 2.535844e-01
1.725145e+00 2.448966e-01
1.726145e+00 2.742825e-01
1.727146e+00 2.632128e-01
1.728147e+00 2.356600e-01
1.729147e+00 2.462849e-01
1.730148e+00 2.555833e-01
1.731148e+00 2.658416e-01
1.732149e+00 2.729191e-01
1.733150e+00 2.936091e-01
1.734150e+00 2.845862e-01
1.735151e+00 3.078467e-01
1.736152e+00 2.994884e-01
1.737152e+00 3.345684e-01
1.738153e+00 3.355174e-01
1.739154e+00 3.446848e-01
1.740154e+00 3.656991e-01
1.741155e+00 3.651030e-01
1.742156e+00 3.555946e-01
1.743156e+00 3.834571e-01
1.744157e+00 3.703423e-01
1.745158e+00 3.525828e-01
1.746158e+00 3.316371e-01
1.747159e+00 3.572601e-01
1.748159e+00 3.490297e-01
1.749160e+00 3.450350e-01
1.750161e+00 3.446456e-01
1.751161e+00 3.494006e-01
1.752162e+00 3.592682e-01
1.753163e+00 3.345575e-01
1.754163e+00 3.471768e-01
1.755164e+00 3.556041e-01
1.756165e+00 3.595809e-01
1.757165e+00 3.791406e-01
1.758166e+00 4.003338e-01
1.759167e+00 3.929679e-01
1.760167e+00 3.899829e-01
1.761168e+00 3.860212e-01
1.762168e+00 3.910401e-01
1.763169e+00 3.728706e-01
1.764170e+00 3.884439e-01
1.765170e+00 3.857945e-01
1.766171e+00 3.909746e-01
1.767172e+00 3.940269e-01
1.768172e+00 3.902535e-01
1.769173e+00 3.796897e-01
1.770174e+00 3.740158e-01
1.771174e+00 3.710823e-01
1.772175e+00 3.676992e-01
1.773176e+00 3.675247e-01
1.774176e+00 3.706052e-01
1.775177e+00 3.577989e-01
1.776178e+00 3.726036e-01
1.777178e+00 3.707373e-01
1.778179e+00 3.732781e-01
1.779179e+00 3.854114e-01
1.780180e+00 4.086502e-01
1.781181e+00 4.155009e-01
1.782181e+00 4.344435e-01
1.783182e+00 4.185978e-01
1.784183e+00 4.072196e-01
1.785183e+00 4.068487e-01
1.786184e+00 4.173565e-01
1.787185e+00 4.204609e-01
1.788185e+00 4.251111e-01
1.789186e+00 4.007182e-01
1.790187e+00 4.087687e-01
1.791187e+00 3.943622e-01
1.792188e+00 4.079490e-01
1.793189e+00 3.921620e-01
1.794189e+00 4.149809e-01
1.795190e+00 3.907748e-01
1.796190e+00 4.027724e-01
1.797191e+00 3.963208e-01
1.798192e+00 3.934329e-01
1.799192e+00 3.730368e-01
1.800193e+00 3.883116e-01
1.801194e+00 3.775761e-01
1.802194e+00 3.796767e-01
1.803195e+00 3.885752e-01
1.804196e+00 4.090299e-01
1.805196e+00 3.990117e-01
1.806197e+00 3.833764e-01
1.807198e+00 3.802509e-01
1.808198e+00 3.710821e-01
1.809199e+00 3.627802e-01
1.810199e+00 3.754271e-01
1.811200e+00 3.647665e-01
1.812201e+00 3.849934e-01
1.813201e+00 3.871224e-01
1.814202e+00 3.852969e-01
1.815203e+00 3.557788e-01
1.816203e+00 3.553092e-01
1.817204e+00 3.465279e-01
1.818205e+00 3.633833e-01
1.819205e+00 3.466204e-01
1.820206e+00 3.474076e-01
1.821207e+00 3.428534e-01
1.822207e+00 3.444517e-01
1.823208e+00 3.648556e-01
1.824209e+00 3.219572e-01
1.825209e+00 3.501956e-01
1.826210e+00 3.351929e-01
1.827210e+00 3.650265e-01
1.828211e+00 3.481991e-01
1.829212e+00 3.280740e-01
1.830212e+00 3.305037e-01
1.831213e+00 3.292689e-01
1.832214e+00 3.448392e-01
1.833214e+00 3.486491e-01
1.834215e+00 3.316199e-01
1.835216e+00 3.270382e-01
1.836216e+00 3.373019e-01
1.837217e+00 3.255396e-01
1.838218e+00 3.283545e-01
1.839218e+00 3.243043e-01
1.840219e+00 3.126325e-01
1.841219e+00 3.325788e-01
1.842220e+00 3.114662e-01
1.843221e+00 3.352087e-01
1.844221e+00 3.260858e-01
1.845222e+00 3.146817e-01
1.846223e+00 2.987749e-01
1.847223e+00 3.264464e-01
1.848224e+00 3.113246e-01
1.849225e+00 3.155965e-01
1.850225e+00 3.199275e-01
1.851226e+00 2.924627e-01
1.852227e+00 3.058109e-01
1.853227e+00 2.969245e-01
1.854228e+00 3.024150e-01
1.855229e+00 3.023249e-01
1.856229e+00 2.796587e-01
1.857230e+00 2.925615e-01
1.858230e+00 2.942939e-01
1.859231e+00 2.794364e-01
1.860232e+00 2.831754e-01
1.861232e+00 2.903516e-01
1.862233e+00 2.945512e-01
1.863234e+00 2.848122e-01
1.864234e+00 2.778888e-01
1.865235e+00 2.734395e-01
1.866236e+00 2.785199e-01
1.867236e+00 2.727208e-01
1.868237e+00 2.852894e-01
1.869238e+00 2.804984e-01
1.870238e+00 2.701049e-01
1.871239e+00 2.775336e-01
1.872240e+00 2.972106e-01
1.873240e+00 2.800891e-01
1.874241e+00 2.737782e-01
1.875241e+00 2.770758e-01
1.876242e+00 2.812267e-01
1.877243e+00 2.520570e-01
1.878243e+00 2.617022e-01
1.879244e+00 2.584920e-01
1.880245e+00 2.569123e-01
1.881245e+00 2.832246e-01
1.882246e+00 2.659038e-01
1.883247e+00 2.706847e-01
1.884247e+00 2.612482e-01
1.885248e+00 2.845261e-01
1.886249e+00 2.356421e-01
1.887249e+00 2.496501e-01
1.888250e+00 2.488455e-01
1.889250e+00 2.485279e-01
1.890251e+00 2.599312e-01
1.891252e+00 2.504649e-01
1.892252e+00 2.548511e-01
1.893253e+00 2.575579e-01
1.894254e+00 2.481842e-01
1.895254e+00 2.520168e-01
1.896255e+00 2.391367e-01
1.897256e+00 2.359040e-01
1.898256e+00 2.323105e-01
1.899257e+00 2.408423e-01
1.900258e+00 2.292886e-01
1.901258e+00 2.269682e-01
1.902259e+00 2.430255e-01
1.903260e+00 2.260569e-01
1.904260e+00 2.398908e-01
1.905261e+00 2.298563e-01
1.906261e+00 2.261582e-01
1.907262e+00 2.399043e-01
1.908263e+00 2.396199e-01
1.909263e+00 2.307232e-01
1.910264e+00 2.415718e-01
1.911265e+00 2.095519e-01
1.912265e+00 2.360774e-01
1.913266e+00 2.161377e-01
1.914267e+00 2.207804e-01
1.915267e+00 2.309213e-01
1.916268e+00 2.309745e-01
1.917269e+00 2.486608e-01
1.918269e+00 2.544038e-01
1.919270e+00 2.637880e-01
1.920270e+00 2.923962e-01
1.921271e+00 2.562969e-01
1.922272e+00 2.748401e-01
1.923272e+00 2.820022e-01
1.924273e+00 2.670966e-01
1.925274e+00 2.765457e-01
1.926274e+00 2.807135e-01
1.927275e+00 2.804931e-01
1.928276e+00 2.841906e-01
1.929276e+00 2.858883e-01
1.930277e+00 2.705096e-01
1.931278e+00 2.735489e-01
1.932278e+00 2.573160e-01
1.933279e+00 2.698082e-01
1.934280e+00 2.546409e-01
1.935280e+00 2.680769e-01
1.936281e+00 2.750194e-01
1.937281e+00 2.697360e-01
1.938282e+00 2.653371e-01
1.939283e+00 2.713190e-01
1.940283e+00 2.727878e-01
1.941284e+00 2.526199e-01
1.942285e+00 2.716006e-01
1.943285e+00 2.510119e-01
1.944286e+00 2.529609e-01
1.945287e+00 2.635171e-01
1.946287e+00 2.568824e-01
1.947288e+00 2.537252e-01
1.948289e+00 2.545378e-01
1.949289e+00 2.648012e-01
1.950290e+00 2.512088e-01
1.951291e+00 2.568479e-01
1.952291e+00 2.554621e-01
1.953292e+00 2.680103e-01
1.954292e+00 2.598421e-01
1.955293e+00 2.519333e-01
1.956294e+00 2.509671e-01
1.957294e+00 2.443482e-01
1.958295e+00 2.399276e-01
1.959296e+00 2.403204e-01
1.960296e+00 2.395881e-01
1.961297e+00 2.337550e-01
1.962298e+00 2.330180e-01
1.963298e+00 2.411158e-01
1.964299e+00 2.492492e-01
1.965300e+00 2.617639e-01
1.966300e+00 2.715771e-01
1.967301e+00 2.896234e-01
1.968301e+00 2.936907e-01
1.969302e+00 2.994442e-01
1.970303e+00 3.036986e-01
1.971303e+00 2.850668e-01
1.972304e+00 2.928466e-01
1.973305e+00 2.953427e-01
1.974305e+00 2.961720e-01
1.975306e+00 2.960627e-01
1.976307e+00 3.041706e-01
1.977307e+00 2.834140e-01
1.978308e+00 2.900851e-01
1.979309e+00 2.803411e-01
1.980309e+00 3.074935e-01
1.981310e+00 2.985563e-01
1.982311e+00 3.337128e-01
1.983311e+00 3.619481e-01
1.984312e+00 3.731101e-01
1.985312e+00 3.698528e-01
1.986313e+00 3.825796e-01
1.987314e+00 4.031534e-01
1.988314e+00 4.000396e-01
1.989315e+00 3.817337e-01
1.990316e+00 4.187408e-01
1.991316e+00 4.065848e-01
1.992317e+00 3.899854e-01
1.993318e+00 4.057779e-01
1.994318e+00 4.244732e-01
1.995319e+00 3.995926e-01
1.996320e+00 3.980695e-01
1.997320e+00 3.918319e-01
1.998321e+00 4.032445e-01
1.999321e+00 3.977905e-01
2.000322e+00 4.018846e-01
2.001323e+00 3.849900e-01
2.002323e+00 3.980135e-01
2.003324e+00 3.774187e-01
2.004325e+00 3.926364e-01
2.005325e+00 3.782250e-01
2.006326e+00 3.849996e-01
2.007327e+00 3.675009e-01
2.008327e+00 3.886878e-01
2.009328e+00 3.980336e-01
2.010329e+00 3.936501e-01
2.011329e+00 4.350817e-01
2.012330e+00 4.304982e-01
2.013331e+00 4.177379e-01
2.014331e+00 4.211720e-01
2.015332e+00 4.300411e-01
2.016332e+00 4.333255e-01
2.017333e+00 4.496232e-01
2.018334e+00 4.400657e-01
2.019334e+00 4.876580e-01
2.020335e+00 4.700308e-01
2.021336e+00 4.935521e-01
2.022336e+00 4.821862e-01
2.023337e+00 5.094389e-01
2.024338e+00 4.936831e-01
2.025338e+00 4.951833e-01
2.026339e+00 4.955313e-01
2.027340e+00 4.831252e-01
2.028340e+00 4.823207e-01
2.029341e+00 4.779594e-01
2.030342e+00 4.811527e-01
2.031342e+00 4.765710e-01
2.032343e+00 4.776817e-01
2.033343e+00 4.643543e-01
2.034344e+00 4.663452e-01
2.035345e+00 4.742693e-01
2.036345e+00 4.671469e-01
2.037346e+00 4.699931e-01
2.038347e+00 4.700654e-01
2.039347e+00 4.704445e-01
2.040348e+00 4.647133e-01
2.041349e+00 4.556609e-01
2.042349e+00 4.475420e-01
2.043350e+00 4.659845e-01
2.044351e+00 4.456921e-01
2.045351e+00 4.508344e-01
2.046352e+00 4.652263e-01
2.047352e+00 4.393371e-01
2.048353e+00 4.427621e-01
2.049354e+00 4.448935e-01
2.050354e+00 4.240677e-01
2.051355e+00 4.294697e-01
2.052356e+00 4.509025e-01
2.053356e+00 4.411419e-01
2.054357e+00 4.431112e-01
2.055358e+00 4.356522e-01
2.056358e+00 4.118071e-01
2.057359e+00 4.193947e-01
2.058360e+00 4.055663e-01
2.059360e+00 4.324972e-01
2.060361e+00 4.514380e-01
2.061362e+00 4.069209e-01
2.062362e+00 4.315692e-01
2.063363e+00 4.300197e-01
2.064363e+00 4.192636e-01
2.065364e+00 4.019666e-01
2.066365e+00 4.052846e-01
2.067365e+00 3.920355e-01
2.068366e+00 4.092687e-01
2.069367e+00 4.109926e-01
2.070367e+00 4.153357e-01
2.071368e+00 4.033758e-01
2.072369e+00 3.952470e-01
2.073369e+00 3.951357e-01
2.074370e+00 3.990374e-01
2.075371e+00 4.016894e-01
2.076371e+00 4.109120e-01
2.077372e+00 4.157990e-01
2.078372e+00 3.935916e-01
2.079373e+00 3.812346e-01
2.080374e+00 4.026446e-01
2.081374e+00 4.142825e-01
2.082375e+00 3.795330e-01
2.083376e+00 3.804590e-01
2.084376e+00 3.825984e-01
2.085377e+00 3.823974e-01
2.086378e+00 3.737905e-01
2.087378e+00 3.650722e-01
2.088379e+00 3.834526e-01
2.089380e+00 3.743729e-01
2.090380e+00 3.854165e-01
2.091381e+00 3.779755e-01
2.092382e+00 3.811454e-01
2.093382e+00 3.699919e-01
2.094383e+00 3.747994e-01
2.095383e+00 3.589404e-01
2.096384e+00 3.696738e-01
2.097385e+00 3.732025e-01
2.098385e+00 3.748143e-01
2.099386e+00 3.570493e-01
2.100387e+00 3.644460e-01
2.101387e+00 3.699725e-01
2.102388e+00 3.398173e-01
2.103389e+00 3.502833e-01
2.104389e+00 3.639706e-01
2.105390e+00 3.658636e-01
2.106391e+00 3.730741e-01
2.107391e+00 3.931467e-01
2.108392e+00 3.908508e-01
2.109393e+00 4.009073e-01
2.110393e+00 3.875060e-01
2.111394e+00 3.997826e-01
2.112394e+00 4.077494e-01
2.113395e+00 4.037063e-01
2.114396e+00 4.035430e-01
2.115396e+00 4.061276e-01
2.116397e+00 4.126490e-01
2.117398e+00 3.978859e-01
2.118398e+00 3.986331e-01
2.119399e+00 3.980938e-01
2.120400e+00 3.969115e-01
2.121400e+00 4.043220e-01
2.122401e+00 4.313650e-01
2.123402e+00 4.201748e-01
2.124402e+00 4.442713e-01
2.125403e+00 4.405914e-01
2.126403e+00 4.418943e-01
2.127404e+00 4.498040e-01
2.128405e+00 4.516095e-01
2.129405e+00 4.360879e-01
2.130406e+00 4.452617e-01
2.131407e+00 4.400342e-01
2.132407e+00 4.356887e-01
2.133408e+00 4.207030e-01
2.134409e+00 4.485455e-01
2.135409e+00 4.473275e-01
2.136410e+00 4.251298e-01
2.137411e+00 4.340555e-01
2.138411e+00 4.212108e-01
2.139412e+00 4.282169e-01
2.140413e+00 4.237183e-01
2.141413e+00 4.419261e-01
2.142414e+00 4.130415e-01
2.143414e+00 4.132232e-01
2.144415e+00 4.379163e-01
2.145416e+00 4.490472e-01
2.146416e+00 4.802352e-01
2.147417e+00 4.592822e-01
2.148418e+00 4.857824e-01
2.149418e+00 4.784892e-01
2.150419e+00 4.910672e-01
2.151420e+00 4.774641e-01
2.152420e+00 4.580462e-01
2.153421e+00 4.639400e-01
2.154422e+00 4.774047e-01
2.155422e+00 4.616359e-01
2.156423e+00 4.928231e-01
2.157423e+00 4.489681e-01
2.158424e+00 4.592642e-01
2.159425e+00 4.685317e-01
2.160425e+00 4.622821e-01
2.161426e+00 4.556099e-01
2.162427e+00 4.730521e-01
2.163427e+00 4.575687e-01
2.164428e+00 4.658210e-01
2.165429e+00 4.490978e-01
2.166429e+00 4.619537e-01
2.167430e+00 4.521112e-01
2.168431e+00 4.318225e-01
2.169431e+00 4.341546e-01
2.170432e+00 4.558151e-01
2.171433e+00 4.427995e-01
2.172433e+00 4.524848e-01
2.173434e+00 4.465717e-01
2.174434e+00 4.263679e-01
2.175435e+00 4.239167e-01
2.176436e+00 4.330632e-01
2.177436e+00 4.403118e-01
2.178437e+00 4.419898e-01
2.179438e+00 4.644886e-01
2.180438e+00 4.657560e-01
2.181439e+00 4.665096e-01
2.182440e+00 4.806707e-01
2.183440e+00 4.740070e-01
2.184441e+00 4.669446e-01
2.185442e+00 4.972497e-01
2.186442e+00 4.612726e-01
2.187443e+00 4.695932e-01
2.188444e+00 5.050060e-01
2.189444e+00 5.097288e-01
2.190445e+00 5.097596e-01
2.191445e+00 5.407883e-01
2.192446e+00 5.212409e-01
2.193447e+00 5.261536e-01
2.194447e+00 5.282482e-01
2.195448e+00 5.341172e-01
2.196449e+00 5.341664e-01
2.197449e+00 5.397274e-01
2.198450e+00 5.199910e-01
2.199451e+00 5.225903e-01
2.200451e+00 5.183214e-01
2.201452e+00 5.062261e-01
2.202453e+00 5.143772e-01
2.203453e+00 5.191257e-01
2.204454e+00 5.150581e-01
2.205454e+00 5.262982e-01
2.206455e+00 5.174018e-01
2.207456e+00 5.151471e-01
2.208456e+00 5.298291e-01
2.209457e+00 5.349163e-01
2.210458e+00 5.428667e-01
2.211458e+00 5.516817e-01
2.212459e+00 5.621849e-01
2.213460e+00 5.639236e-01
2.214460e+00 5.459645e-01
2.215461e+00 5.584778e-01
2.216462e+00 5.523442e-01
2.217462e+00 5.479888e-01
2.218463e+00 5.431155e-01
2.219464e+00 5.406179e-01
2.220464e+00 5.407657e-01
2.221465e+00 5.545855e-01
2.222465e+00 5.515958e-01
2.223466e+00 5.485152e-01
2.224467e+00 5.154877e-01
2.225467e+00 5.486841e-01
2.226468e+00 5.372964e-01
2.227469e+00 5.409289e-01
2.228469e+00 5.285679e-01
2.229470e+00 5.301395e-01
2.230471e+00 5.396499e-01
2.231471e+00 5.344532e-01
2.232472e+00 5.130629e-01
2.233473e+00 5.124029e-01
2.234473e+00 5.228594e-01
2.235474e+00 5.183710e-01
2.236474e+00 5.055240e-01
2.237475e+00 5.118609e-01
2.238476e+00 5.036558e-01
2.239476e+00 5.143408e-01
2.240477e+00 5.292835e-01
2.241478e+00 5.010456e-01
2.242478e+00 5.242535e-01
2.243479e+00 5.339584e-01
2.244480e+00 5.358083e-01
2.245480e+00 5.398030e-01
2.246481e+00 5.437696e-01
2.247482e+00 5.345386e-01
2.248482e+00 5.301089e-01
2.249483e+00 5.410149e-01
2.250484e+00 5.427443e-01
2.251484e+00 5.549666e-01
2.252485e+00 5.349329e-01
2.253485e+00 5.389735e-01
2.254486e+00 5.530874e-01
2.255487e+00 5.539494e-01
2.256487e+00 5.602777e-01
2.257488e+00 5.761699e-01
2.258489e+00 5.994270e-01
2.259489e+00 5.773393e-01
2.260490e+00 5.878419e-01
2.261491e+00 5.821939e-01
2.262491e+00 5.821646e-01
2.263492e+00 5.746442e-01
2.264493e+00 5.995706e-01
2.265493e+00 5.832044e-01
2.266494e+00 5.949681e-01
2.267495e+00 5.816491e-01
2.268495e+00 5.672336e-01
2.269496e+00 5.740796e-01
2.270496e+00 5.783522e-01
2.271497e+00 5.720013e-01
2.272498e+00 5.495912e-01
2.273498e+00 5.658510e-01
2.274499e+00 5.597283e-01
2.275500e+00 5.573888e-01
2.276500e+00 5.457554e-01
2.277501e+00 5.762569e-01
2.278502e+00 5.651258e-01
2.279502e+00 5.449445e-01
2.280503e+00 5.489081e-01
2.281504e+00 5.619873e-01
2.282504e+00 5.307455e-01
2.283505e+00 5.664201e-01
2.284505e+00 5.637196e-01
2.285506e+00 5.743601e-01
2.286507e+00 5.756404e-01
2.287507e+00 5.870118e-01
2.288508e+00 6.054877e-01
2.289509e+00 5.886750e-01
2.290509e+00 5.811486e-01
2.291510e+00 5.823592e-01
2.292511e+00 5.970048e-01
2.293511e+00 5.879163e-01
2.294512e+00 5.858086e-01
2.295513e+00 5.761001e-01
2.296513e+00 5.937594e-01
2.297514e+00 5.789094e-01
2.298515e+00 5.731967e-01
2.299515e+00 5.729735e-01
2.300516e+00 5.874405e-01
2.301516e+00 6.110880e-01
2.302517e+00 6.032834e-01
2.303518e+00 5.948490e-01
2.304518e+00 6.082213e-01
2.305519e+00 6.154387e-01
2.306520e+00 6.222839e-01
2.307520e+00 5.899067e-01
2.308521e+00 6.132094e-01
2.309522e+00 6.209539e-01
2.310522e+00 6.013518e-01
2.311523e+00 6.022347e-01
2.312524e+00 6.079265e-01
2.313524e+00 5.938710e-01
2.314525e+00 5.925023e-01
2.315526e+00 5.983282e-01
2.316526e+00 5.990947e-01
2.317527e+00 6.009047e-01
2.318527e+00 5.989477e-01
2.319528e+00 6.078331e-01
2.320529e+00 6.192820e-01
2.321529e+00 6.151463e-01
2.322530e+00 6.077856e-01
2.323531e+00 6.226391e-01
2.324531e+00 6.281184e-01
2.325532e+00 6.249691e-01
2.326533e+00 6.211218e-01
2.327533e+00 6.419159e-01
2.328534e+00 6.213944e-01
2.329535e+00 6.242027e-01
2.330535e+00 6.316470e-01
2.331536e+00 6.282084e-01
2.332536e+00 6.143947e-01
2.333537e+00 6.106164e-01
2.334538e+00 6.166351e-01
2.335538e+00 6.081701e-01
2.336539e+00 6.115752e-01
2.337540e+00 6.020501e-01
2.338540e+00 6.126056e-01
2.339541e+00 5.920970e-01
2.340542e+00 6.018743e-01
2.341542e+00 6.047060e-01
2.342543e+00 6.025035e-01
2.343544e+00 6.215388e-01
2.344544e+00 5.928538e-01
2.345545e+00 5.943779e-01
2.346546e+00 5.897969e-01
2.347546e+00 6.075731e-01
2.348547e+00 5.963908e-01
2.349547e+00 6.034307e-01
2.350548e+00 5.761637e-01
2.351549e+00 5.813765e-01
2.352549e+00 5.780429e-01
2.353550e+00 5.638262e-01
2.354551e+00 5.765957e-01
2.355551e+00 5.610910e-01
2.356552e+00 5.793365e-01
2.357553e+00 5.645323e-01
2.358553e+00 5.492456e-01
2.359554e+00 5.566901e-01
2.360555e+00 5.605960e-01
2.361555e+00 5.754299e-01
2.362556e+00 5.644915e-01
2.363556e+00 5.545943e-01
2.364557e+00 5.602855e-01
2.365558e+00 5.511035e-01
2.366558e+00 5.383529e-01
2.367559e+00 5.492528e-01
2.368560e+00 5.516016e-01
2.369560e+00 5.713871e-01
2.370561e+00 5.417313e-01
2.371562e+00 5.318388e-01
2.372562e+00 5.438619e-01
2.373563e+00 5.393546e-01
2.374564e+00 5.461764e-01
2.375564e+00 5.357805e-01
2.376565e+00 5.091008e-01
2.377566e+00 5.235115e-01
2.378566e+00 5.349354e-01
2.379567e+00 5.370832e-01
2.380567e+00 5.096134e-01
2.381568e+00 5.137137e-01
2.382569e+00 5.203787e-01
2.383569e+00 5.076968e-01
2.384570e+00 5.071781e-01
2.385571e+00 5.168233e-01
2.386571e+00 5.158398e-01
2.387572e+00 5.151026e-01
2.388573e+00 5.067182e-01
2.389573e+00 4.895721e-01
2.390574e+00 4.962949e-01
2.391575e+00 4.858212e-01
2.392575e+00 4.886072e-01
2.393576e+00 4.974595e-01
2.394577e+00 4.913921e-01
2.395577e+00 5.098658e-01
2.396578e+00 4.884396e-01
2.397578e+00 4.879393e-01
2.398579e+00 4.816238e-01
2.399580e+00 4.876698e-01
2.400580e+00 4.946839e-01
2.401581e+00 4.834465e-01
2.402582e+00 5.069208e-01
2.403582e+00 5.008771e-01
2.404583e+00 5.209373e-01
2.405584e+00 5.153580e-01
2.406584e+00 5.189533e-01
2.407585e+00 5.018766e-01
2.408586e+00 5.049076e-01
2.409586e+00 5.215898e-01
2.410587e+00 5.295748e-01
2.411587e+00 5.204151e-01
2.412588e+00 5.109224e-01
2.413589e+00 5.080969e-01
2.414589e+00 5.234412e-01
2.415590e+00 5.038415e-01
2.416591e+00 5.205232e-01
2.417591e+00 5.172173e-01
2.418592e+00 5.233017e-01
2.419593e+00 5.310029e-01
2.420593e+00 5.019428e-01
2.421594e+00 5.013760e-01
2.422595e+00 5.150408e-01
2.423595e+00 4.981980e-01
2.424596e+00 4.811099e-01
2.425597e+00 4.871269e-01
2.426597e+00 5.025406e-01
2.427598e+00 4.964243e-01
2.428598e+00 5.387946e-01
2.429599e+00 5.397815e-01
2.430600e+00 5.233054e-01
2.431600e+00 5.278231e-01
2.432601e+00 5.397249e-01
2.433602e+00 5.348622e-01
2.434602e+00 5.379082e-01
2.435603e+00 5.449394e-01
2.436604e+00 5.349505e-01
2.437604e+00 5.496695e-01
2.438605e+00 5.423776e-01
2.439606e+00 5.421301e-01
2.440606e+00 5.185043e-01
2.441607e+00 5.138025e-01
2.442607e+00 5.260082e-01
2.443608e+00 5.421543e-01
2.444609e+00 5.344488e-01
2.445609e+00 5.277822e-01
2.446610e+00 5.308414e-01
2.447611e+00 5.053328e-01
2.448611e+00 5.000584e-01
2.449612e+00 5.255145e-01
2.450613e+00 5.044864e-01
2.451613e+00 5.005973e-01
2.452614e+00 5.127558e-01
2.453615e+00 5.022497e-01
2.454615e+00 5.015679e-01
2.455616e+00 5.042683e-01
2.456617e+00 5.006661e-01
2.457617e+00 4.807230e-01
2.458618e+00 4.903750e-01
2.459618e+00 5.003872e-01
2.460619e+00 4.843585e-01
2.461620e+00 4.860911e-01
2.462620e+00 4.844968e-01
2.463621e+00 4.599764e-01
2.464622e+00 4.846081e-01
2.465622e+00 4.755841e-01
2.466623e+00 4.856584e-01
2.467624e+00 4.805077e-01
2.468624e+00 4.680795e-01
2.469625e+00 4.788189e-01
2.470626e+00 4.674170e-01
2.471626e+00 4.635266e-01
2.472627e+00 4.539211e-01
2.473628e+00 4.710616e-01
2.474628e+00 4.633031e-01
2.475629e+00 4.578117e-01
2.476629e+00 4.454623e-01
2.477630e+00 4.702725e-01
2.478631e+00 4.546181e-01
2.479631e+00 4.590160e-01
2.480632e+00 4.568397e-01
2.481633e+00 4.382355e-01
2.482633e+00 4.570237e-01
2.483634e+00 4.457896e-01
2.484635e+00 4.445087e-01
2.485635e+00 4.253273e-01
2.486636e+00 4.552078e-01
2.487637e+00 4.421810e-01
2.488637e+00 4.372106e-01
2.489638e+00 4.306449e-01
2.490638e+00 4.352349e-01
2.491639e+00 4.404361e-01
2.492640e+00 4.314711e-01
2.493640e+00 4.352514e-01
2.494641e+00 4.178461e-01
2.495642e+00 4.087189e-01
2.496642e+00 4.175084e-01
2.497643e+00 4.199759e-01
2.498644e+00 4.114570e-01
2.499644e+00 4.193967e-01
2.500645e+00 4.221175e-01
2.501646e+00 4.164122e-01
2.502646e+00 4.532098e-01
2.503647e+00 4.521842e-01
2.504648e+00 4.491868e-01
2.505648e+00 4.496610e-01
2.506649e+00 4.900400e-01
2.507649e+00 4.634110e-01
2.508650e+00 4.471486e-01
2.509651e+00 4.533591e-01
2.510651e+00 4.677570e-01
2.511652e+00 4.582911e-01
2.512653e+00 4.617594e-01
2.513653e+00 4.622033e-01
2.514654e+00 4.606546e-01
2.515655e+00 4.589023e-01
2.516655e+00 4.557893e-01
2.517656e+00 4.719739e-01
2.518657e+00 4.505034e-01
2.519657e+00 4.634045e-01
2.520658e+00 4.526640e-01
2.521658e+00 4.583898e-01
2.522659e+00 4.526917e-01
2.523660e+00 4.567420e-01
2.524660e+00 4.690292e-01
2.525661e+00 4.410623e-01
2.526662e+00 4.446041e-01
2.527662e+00 4.573940e-01
2.528663e+00 4.390812e-01
2.529664e+00 4.085501e-01
2.530664e+00 4.287771e-01
2.531665e+00 4.279642e-01
2.532666e+00 4.311753e-01
2.533666e+00 4.216949e-01
2.534667e+00 4.496089e-01
2.535668e+00 4.465743e-01
2.536668e+00 4.123371e-01
2.537669e+00 4.296667e-01
2.538669e+00 4.601330e-01
2.539670e+00 4.502021e-01
2.540671e+00 4.606730e-01
2.541671e+00 4.611778e-01
2.542672e+00 4.856489e-01
2.543673e+00 4.720063e-01
2.544673e+00 4.910294e-01
2.545674e+00 4.839840e-01
2.546675e+00 5.145970e-01
2.547675e+00 5.247061e-01
2.548676e+00 5.473924e-01
2.549677e+00 5.550158e-01
2.550677e+00 5.663889e-01
2.551678e+00 5.743295e-01
2.552679e+00 5.814011e-01
2.553679e+00 5.885165e-01
2.554680e+00 5.716360e-01
2.555680e+00 5.675412e-01
2.556681e+00 5.923864e-01
2.557682e+00 5.988200e-01
2.558682e+00 5.864382e-01
2.559683e+00 5.881603e-01
2.560684e+00 5.695173e-01
2.561684e+00 5.774992e-01
2.562685e+00 5.737484e-01
2.563686e+00 5.692074e-01
2.564686e+00 5.570000e-01
2.565687e+00 5.473279e-01
2.566688e+00 5.739794e-01
2.567688e+00 5.673767e-01
2.568689e+00 5.509916e-01
2.569689e+00 5.591244e-01
2.570690e+00 5.490411e-01
2.571691e+00 5.609186e-01
2.572691e+00 5.549262e-01
2.573692e+00 5.631340e-01
2.574693e+00 5.469422e-01
2.575693e+00 5.428328e-01
2.576694e+00 5.420798e-01
2.577695e+00 5.676572e-01
2.578695e+00 5.445649e-01
2.579696e+00 5.368030e-01
2.580697e+00 5.427412e-01
2.581697e+00 5.293646e-01
2.582698e+00 5.332924e-01
2.583699e+00 5.378986e-01
2.584699e+00 4.998903e-01
2.585700e+00 5.105456e-01
2.586700e+00 5.093435e-01
2.587701e+00 5.164210e-01
2.588702e+00 5.143268e-01
2.589702e+00 5.204079e-01
2.590703e+00 5.205922e-01
2.591704e+00 5.266466e-01
2.592704e+00 5.067637e-01
2.593705e+00 5.040532e-01
2.594706e+00 5.012877e-01
2.595706e+00 4.951251e-01
2.596707e+00 5.041128e-01
2.597708e+00 4.879682e-01
2.598708e+00 5.097603e-01
2.599709e+00 4.989406e-01
2.600709e+00 5.025273e-01
2.601710e+00 5.086094e-01
2.602711e+00 4.678003e-01
2.603711e+00 4.872129e-01
2.604712e+00 4.806470e-01
2.605713e+00 4.893402e-01
2.606713e+00 4.912209e-01
2.607714e+00 4.852040e-01
2.608715e+00 4.803526e-01
2.609715e+00 4.754094e-01
2.610716e+00 4.844763e-01
2.611717e+00 4.735984e-01
2.612717e+00 4.884012e-01
2.613718e+00 4.644647e-01
2.614719e+00 4.859537e-01
2.615719e+00 4.539887e-01
2.616720e+00 4.666790e-01
2.617720e+00 4.628852e-01
2.618721e+00 4.532065e-01
2.619722e+00 4.448423e-01
2.620722e+00 4.658516e-01
2.621723e+00 4.547111e-01
2.622724e+00 4.624304e-01
2.623724e+00 4.688940e-01
2.624725e+00 4.559948e-01
2.625726e+00 4.570422e-01
2.626726e+00 4.418134e-01
2.627727e+00 4.580902e-01
2.628728e+00 4.573190e-01
2.629728e+00 4.459227e-01
2.630729e+00 4.362440e-01
2.631730e+00 4.371780e-01
2.632730e+00 4.364190e-01
2.633731e+00 4.377670e-01
2.634731e+00 4.312686e-01
2.635732e+00 4.267021e-01
2.636733e+00 4.261475e-01
2.637733e+00 4.261250e-01
2.638734e+00 4.366088e-01
2.639735e+00 4.133112e-01
2.640735e+00 4.015108e-01
2.641736e+00 4.039785e-01
2.642737e+00 4.196955e-01
2.643737e+00 4.185143e-01
2.644738e+00 4.257466e-01
2.645739e+00 4.371591e-01
2.646739e+00 4.090002e-01
2.647740e+00 4.195417e-01
2.648740e+00 4.014586e-01
2.649741e+00 4.166139e-01
2.650742e+00 4.067609e-01
2.651742e+00 3.903003e-01
2.652743e+00 4.038570e-01
2.653744e+00 4.041656e-01
2.654744e+00 4.011619e-01
2.655745e+00 3.928989e-01
2.656746e+00 4.087668e-01
2.657746e+00 4.038026e-01
2.658747e+00 3.976648e-01
2.659748e+00 3.821984e-01
2.660748e+00 3.836215e-01
2.661749e+00 3.941622e-01
2.662750e+00 4.014025e-01
2.663750e+00 3.930711e-01
2.664751e+00 3.793482e-01
2.665751e+00 3.811736e-01
2.666752e+00 3.903709e-01
2.667753e+00 3.634620e-01
2.668753e+00 3.608384e-01
2.669754e+00 3.838199e-01
2.670755e+00 3.731358e-01
2.671755e+00 3.608125e-01
2.672756e+00 3.667798e-01
2.673757e+00 3.636332e-01
2.674757e+00 3.706457e-01
2.675758e+00 3.628319e-01
2.676759e+00 3.669167e-01
2.677759e+00 3.768875e-01
2.678760e+00 3.614587e-01
2.679760e+00 3.569769e-01
2.680761e+00 3.514100e-01
2.681762e+00 3.502891e-01
2.682762e+00 3.524793e-01
2.683763e+00 3.622839e-01
2.684764e+00 3.584856e-01
2.685764e+00 3.343344e-01
2.686765e+00 3.663960e-01
2.687766e+00 3.406983e-01
2.688766e+00 3.392752e-01
2.689767e+00 3.415716e-01
2.690768e+00 3.624157e-01
2.691768e+00 3.467914e-01
2.692769e+00 3.412658e-01
2.693770e+00 3.317068e-01
2.694770e+00 3.379102e-01
2.695771e+00 3.574885e-01
2.696771e+00 3.420067e-01
2.697772e+00 3.274520e-01
2.698773e+00 3.270461e-01
2.699773e+00 3.351406e-01
2.700774e+00 3.373312e-01
2.701775e+00 3.148336e-01
2.702775e+00 3.288392e-01
2.703776e+00 3.307901e-01
2.704777e+00 3.348032e-01
2.705777e+00 3.087886e-01
2.706778e+00 3.425489e-01
2.707779e+00 3.140747e-01
2.708779e+00 3.124040e-01
2.709780e+00 3.104473e-01
2.710781e+00 3.199894e-01
2.711781e+00 3.035194e-01
2.712782e+00 3.288317e-01
2.713782e+00 3.055487e-01
2.714783e+00 3.100899e-01
2.715784e+00 2.963248e-01
2.716784e+00 3.010032e-01
2.717785e+00 2.847907e-01
2.718786e+00 3.033460e-01
2.719786e+00 3.013148e-01
2.720787e+00 2.834514e-01
2.721788e+00 2.979362e-01
2.722788e+00 3.035570e-01
2.723789e+00 3.107954e-01
2.724790e+00 2.869087e-01
2.725790e+00 2.765513e-01
2.726791e+00 2.922529e-01
2.727791e+00 3.101786e-01
2.728792e+00 2.877871e-01
2.729793e+00 2.850428e-01
2.730793e+00 2.993646e-01
2.731794e+00 2.835049e-01
2.732795e+00 2.824526e-01
2.733795e+00 2.780477e-01
2.734796e+00 2.847984e-01
2.735797e+00 2.822634e-01
2.736797e+00 2.828631e-01
2.737798e+00 2.810678e-01
2.738799e+00 2.632717e-01
2.739799e+00 2.841470e-01
2.740800e+00 2.625526e-01
2.741801e+00 2.722905e-01
2.742801e+00 2.866375e-01
2.743802e+00 2.789084e-01
2.744802e+00 2.871115e-01
2.745803e+00 2.658334e-01
2.746804e+00 2.639253e-01
2.747804e+00 2.800821e-01
2.748805e+00 2.686851e-01
2.749806e+00 2.868097e-01
2.750806e+00 2.556982e-01
2.751807e+00 2.711048e-01
2.752808e+00 2.690057e-01
2.753808e+00 2.734356e-01
2.754809e+00 2.666438e-01
2.755810e+00 2.663981e-01
2.756810e+00 2.599420e-01
2.757811e+00 2.669502e-01
2.758811e+00 2.513470e-01
2.759812e+00 2.642244e-01
2.760813e+00 2.726625e-01
2.761813e+00 2.458081e-01
2.762814e+00 2.587935e-01
2.763815e+00 2.549716e-01
2.764815e+00 2.401587e-01
2.765816e+00 2.495319e-01
2.766817e+00 2.564114e-01
2.767817e+00 2.540086e-01
2.768818e+00 2.366213e-01
2.769819e+00 2.470006e-01
2.770819e+00 2.479265e-01
2.771820e+00 2.513326e-01
2.772821e+00 2.416209e-01
2.773821e+00 2.344469e-01
2.774822e+00 2.502066e-01
2.775822e+00 2.272424e-01
2.776823e+00 2.305939e-01
2.777824e+00 2.436408e-01
2.778824e+00 2.382368e-01
2.779825e+00 2.354169e-01
2.780826e+00 2.248935e-01
2.781826e+00 2.410611e-01
2.782827e+00 2.366822e-01
2.783828e+00 2.494516e-01
2.784828e+00 2.359215e-01
2.785829e+00 2.140968e-01
2.786830e+00 2.280071e-01
2.787830e+00 2.250925e-01
2.788831e+00 2.234393e-01
2.789832e+00 2.220515e-01
2.790832e+00 2.247247e-01
2.791833e+00 2.147266e-01
2.792833e+00 2.052657e-01
2.793834e+00 2.242948e-01
2.794835e+00 2.302113e-01
2.795835e+00 2.229237e-01
2.796836e+00 2.203333e-01
2.797837e+00 2.087607e-01
2.798837e+00 2.241388e-01
2.799838e+00 1.949051e-01
2.800839e+00 2.340212e-01
2.801839e+00 2.072040e-01
2.802840e+00 2.189624e-01
2.803841e+00 2.063391e-01
2.804841e+00 2.110856e-01
2.805842e+00 2.056788e-01
2.806842e+00 1.881757e-01
2.807843e+00 2.135883e-01
2.808844e+00 1.957212e-01
2.809844e+00 1.940265e-01
2.810845e+00 1.997780e-01
2.811846e+00 2.008998e-01
2.812846e+00 2.063958e-01
2.813847e+00 1.968945e-01
2.814848e+00 2.279620e-01
2.815848e+00 1.848691e-01
2.816849e+00 1.961440e-01
2.817850e+00 2.034007e-01
2.818850e+00 2.085715e-01
2.819851e+00 2.031272e-01
2.820852e+00 2.044556e-01
2.821852e+00 1.882125e-01
2.822853e+00 2.002559e-01
2.823853e+00 2.064940e-01
2.824854e+00 1.975569e-01
2.825855e+00 2.157485e-01
2.826855e+00 1.903811e-01
2.827856e+00 1.868474e-01
2.828857e+00 1.721241e-01
2.829857e+00 1.841141e-01
2.830858e+00 1.928364e-01
2.831859e+00 1.958599e-01
2.832859e+00 2.000600e-01
2.833860e+00 1.874897e-01
2.834861e+00 1.787977e-01
2.835861e+00 1.705077e-01
2.836862e+00 1.810791e-01
2.837862e+00 1.718451e-01
2.838863e+00 1.793285e-01
2.839864e+00 1.666671e-01
2.840864e+00 1.762246e-01
2.841865e+00 1.726744e-01
2.842866e+00 1.884152e-01
2.843866e+00 1.657580e-01
2.844867e+00 1.598321e-01
2.845868e+00 1.837719e-01
2.846868e+00 1.902291e-01
2.847869e+00 1.821480e-01
2.848870e+00 1.722425e-01
2.849870e+00 1.643296e-01
2.850871e+00 1.700757e-01
2.851872e+00 1.674808e-01
2.852872e+00 1.586826e-01
2.853873e+00 1.700886e-01
2.854873e+00 1.821043e-01
2.855874e+00 1.770410e-01
2.856875e+00 1.713020e-01
2.857875e+00 1.664773e-01
2.858876e+00 1.565364e-01
2.859877e+00 1.765163e-01
2.860877e+00 1.505305e-01
2.861878e+00 1.427600e-01
2.862879e+00 1.628600e-01
2.863879e+00 1.585498e-01
2.864880e+00 1.585368e-01
2.865881e+00 1.686360e-01
2.866881e+00 1.660833e-01
2.867882e+00 1.666419e-01
2.868883e+00 1.702188e-01
2.869883e+00 1.459443e-01
2.870884e+00 1.754365e-01
2.871884e+00 1.487323e-01
2.872885e+00 1.596874e-01
2.873886e+00 1.746580e-01
2.874886e+00 1.715380e-01
2.875887e+00 1.687165e-01
2.876888e+00 1.537028e-01
2.877888e+00 1.386732e-01
2.878889e+00 1.419081e-01
2.879890e+00 1.487791e-01
2.880890e+00 1.444527e-01
2.881891e+00 1.434688e-01
2.882892e+00 1.476410e-01
2.883892e+00 1.429614e-01
2.884893e+00 1.435555e-01
2.885893e+00 1.490041e-01
2.886894e+00 1.375369e-01
2.887895e+00 1.539949e-01
2.888895e+00 1.556492e-01
2.889896e+00 1.409804e-01
2.890897e+00 1.450342e-01
2.891897e+00 1.594992e-01
2.892898e+00 1.517084e-01
2.893899e+00 1.592518e-01
2.894899e+00 1.501815e-01
2.895900e+00 1.521771e-01
2.896901e+00 1.355988e-01
2.897901e+00 1.403566e-01
2.898902e+00 1.324195e-01
2.899903e+00 1.402934e-01
2.900903e+00 1.442955e-01
2.901904e+00 1.406175e-01
2.902904e+00 1.227035e-01
2.903905e+00 1.291918e-01
2.904906e+00 1.247258e-01
2.905906e+00 1.390459e-01
2.906907e+00 1.314192e-01
2.907908e+00 1.374659e-01
2.908908e+00 1.134746e-01
2.909909e+00 1.346113e-01
2.910910e+00 1.228478e-01
2.911910e+00 1.396226e-01
2.912911e+00 1.396413e-01
2.913912e+00 1.369224e-01
2.914912e+00 1.402270e-01
2.915913e+00 1.383542e-01
2.916913e+00 1.245255e-01
2.917914e+00 1.146955e-01
2.918915e+00 1.357453e-01
2.919915e+00 1.312736e-01
2.920916e+00 1.047435e-01
2.921917e+00 1.098278e-01
2.922917e+00 1.134935e-01
2.923918e+00 1.251099e-01
2.924919e+00 1.113702e-01
2.925919e+00 1.313869e-01
2.926920e+00 1.192094e-01
2.927921e+00 1.392452e-01
2.928921e+00 1.275271e-01
2.929922e+00 1.214349e-01
2.930923e+00 1.264401e-01
2.931923e+00 1.123737e-01
2.932924e+00 1.356528e-01
2.933924e+00 1.311864e-01
2.934925e+00 1.226393e-01
2.935926e+00 1.390000e-01
2.936926e+00 1.045108e-01
2.937927e+00 1.267577e-01
2.938928e+00 1.302053e-01
2.939928e+00 1.226341e-01
2.940929e+00 1.156174e-01
2.941930e+00 9.608230e-02
2.942930e+00 1.270438e-01
2.943931e+00 1.114381e-01
2.944932e+00 1.145059e-01
2.945932e+00 1.246010e-01
2.946933e+00 1.241472e-01
2.947934e+00 1.022214e-01
2.948934e+00 1.034274e-01
2.949935e+00 1.057515e-01
2.950935e+00 1.192477e-01
2.951936e+00 1.226838e-01
2.952937e+00 1.164458e-01
2.953937e+00 1.065514e-01
2.954938e+00 1.090576e-01
2.955939e+00 1.238973e-01
2.956939e+00 9.833878e-02
2.957940e+00 1.169190e-01
2.958941e+00 1.075964e-01
2.959941e+00 1.131121e-01
2.960942e+00 1.080168e-01
2.961943e+00 1.176342e-01
2.962943e+00 1.121810e-01
2.963944e+00 1.071357e-01
2.964944e+00 1.286383e-01
2.965945e+00 1.180602e-01
2.966946e+00 1.078309e-01
2.967946e+00 1.124356e-01
2.968947e+00 1.054197e-01
2.969948e+00 9.690552e-02
2.970948e+00 8.615809e-02
2.971949e+00 1.236102e-01
2.972950e+00 9.814647e-02
2.973950e+00 1.080083e-01
2.974951e+00 1.143454e-01
2.975952e+00 9.688886e-02
2.976952e+00 9.808535e-02
2.977953e+00 1.056410e-01
2.978954e+00 1.053188e-01
2.979954e+00 9.995973e-02
2.980955e+00 8.866164e-02
2.981955e+00 1.117045e-01
2.982956e+00 1.060369e-01
2.983957e+00 9.982666e-02
2.984957e+00 1.056552e-01
2.985958e+00 6.477045e-02
2.986959e+00 9.744753e-02
2.987959e+00 9.219031e-02
2.988960e+00 7.642422e-02
2.989961e+00 1.010843e-01
2.990961e+00 8.540721e-02
2.991962e+00 1.090227e-01
2.992963e+00 9.305823e-02
2.993963e+00 1.007588e-01
2.994964e+00 8.792564e-02
2.995964e+00 1.015572e-01
2.996965e+00 1.071277e-01
2.997966e+00 7.683963e-02
2.998966e+00 9.838680e-02
2.999967e+00 7.535785e-02
3.000968e+00 9.031892e-02
3.001968e+00 9.369243e-02
3.002969e+00 7.980870e-02
3.003970e+00 8.705638e-02
3.004970e+00 1.049714e-01
3.005971e+00 9.859559e-02
3.006972e+00 9.962703e-02
3.007972e+00 1.052294e-01
3.008973e+00 8.541378e-02
3.009974e+00 9.823361e-02
3.010974e+00 8.183859e-02
3.011975e+00 9.999607e-02
3.012975e+00 7.588158e-02
3.013976e+00 7.851589e-02
3.014977e+00 1.039537e-01
3.015977e+00 9.221866e-02
3.016978e+00 8.907997e-02
3.017979e+00 8.364458e-02
3.018979e+00 8.129954e-02
3.019980e+00 8.402595e-02
3.020981e+00 8.355246e-02
3.021981e+00 9.092612e-02
3.022982e+00 1.007857e-01
3.023983e+00 7.504263e-02
3.024983e+00 8.490775e-02
3.025984e+00 9.090101e-02
3.026985e+00 7.969935e-02
3.027985e+00 9.036555e-02
3.028986e+00 6.804538e-02
3.029986e+00 1.045071e-01
3.030987e+00 8.456786e-02
3.031988e+00 8.041696e-02
3.032988e+00 7.341206e-02
3.033989e+00 7.757952e-02
3.034990e+00 8.732417e-02
3.035990e+00 1.035081e-01
3.036991e+00 6.631288e-02
3.037992e+00 7.801300e-02
3.038992e+00 6.746049e-02
3.039993e+00 6.627491e-02
3.040994e+00 7.897505e-02
3.041994e+00 7.276615e-02
3.042995e+00 8.081681e-02
3.043995e+00 8.411675e-02
3.044996e+00 6.437176e-02
3.045997e+00 7.127119e-02
3.046997e+00 7.352489e-02
3.047998e+00 5.430372e-02
3.048999e+00 7.312888e-02
3.049999e+00 6.266476e-02
3.051000e+00 7.290780e-02
