-5.000000e-02 3.846311e-03
-4.899935e-02 9.236743e-03
-4.799871e-02 -9.811014e-03
-4.699806e-02 6.976515e-03
-4.599742e-02 -9.146058e-03
-4.499677e-02 -3.713725e-03
-4.399613e-02 -5.912040e-03
-4.299548e-02 3.699632e-03
-4.199484e-02 -6.171559e-03
-4.099419e-02 1.787149e-02
-3.999354e-02 7.859093e-03
-3.899290e-02 1.438624e-02
-3.799225e-02 -3.731859e-03
-3.699161e-02 7.971815e-03
-3.599096e-02 -3.881535e-03
-3.499032e-02 2.041689e-02
-3.398967e-02 1.146832e-03
-3.298903e-02 -1.050083e-02
-3.198838e-02 -4.553564e-03
-3.098773e-02 2.245444e-02
-2.998709e-02 9.597813e-03
-2.898644e-02 4.682008e-03
-2.798580e-02 -1.845829e-03
-2.698515e-02 7.000949e-03
-2.598451e-02 -1.852566e-02
-2.498386e-02 -1.502113e-02
-2.398321e-02 -5.249086e-03
-2.298257e-02 -2.028586e-03
-2.198192e-02 8.613522e-03
-2.098128e-02 -9.203166e-03
-1.998063e-02 4.806618e-03
-1.897999e-02 -8.558748e-03
-1.797934e-02 -3.003701e-03
-1.697870e-02 1.717501e-02
-1.597805e-02 3.532440e-03
-1.497740e-02 -6.152880e-03
-1.397676e-02 -2.301977e-03
-1.297611e-02 7.115546e-03
-1.197547e-02 8.019446e-03
-1.097482e-02 8.577053e-03
-9.974177e-03 9.459571e-03
-8.973531e-03 5.048925e-03
-7.972886e-03 -1.630621e-02
-6.972240e-03 6.239034e-03
-5.971595e-03 7.292446e-03
-4.970949e-03 -8.482744e-03
-3.970303e-03 -1.448712e-02
-2.969658e-03 -2.018363e-02
-1.969012e-03 -4.610503e-03
-9.683667e-04 6.076427e-03
3.227889e-05 1.289407e-02
1.032924e-03 1.516573e-02
2.033570e-03 4.486404e-02
3.034216e-03 6.178041e-02
4.034861e-03 1.029538e-01
5.035507e-03 1.255270e-01
6.036152e-03 1.257035e-01
7.036798e-03 1.539974e-01
8.037444e-03 1.708691e-01
9.038089e-03 1.647140e-01
1.003873e-02 1.820775e-01
1.103938e-02 1.605354e-01
1.204003e-02 1.488563e-01
1.304067e-02 1.727365e-01
1.404132e-02 1.774713e-01
1.504196e-02 1.636234e-01
1.604261e-02 1.700386e-01
1.704325e-02 1.609881e-01
1.804390e-02 1.856962e-01
1.904454e-02 1.764474e-01
2.004519e-02 1.652935e-01
2.104584e-02 1.692725e-01
2.204648e-02 1.482476e-01
2.304713e-02 1.587612e-01
2.404777e-02 1.284675e-01
2.504842e-02 1.402723e-01
2.604906e-02 1.448347e-01
2.704971e-02 1.191338e-01
2.805036e-02 1.497776e-01
2.905100e-02 1.291086e-01
3.005165e-02 1.416090e-01
3.105229e-02 1.488503e-01
3.205294e-02 1.494228e-01
3.305358e-02 1.229433e-01
3.405423e-02 1.426631e-01
3.505487e-02 1.489476e-01
3.605552e-02 1.244571e-01
3.705617e-02 1.200055e-01
3.805681e-02 1.549361e-01
3.905746e-02 1.376604e-01
4.005810e-02 1.411915e-01
4.105875e-02 1.182952e-01
4.205939e-02 1.218242e-01
4.306004e-02 1.177249e-01
4.406068e-02 1.124907e-01
4.506133e-02 1.343087e-01
4.606198e-02 1.070613e-01
4.706262e-02 1.151144e-01
4.806327e-02 1.304926e-01
4.906391e-02 1.193970e-01
5.006456e-02 1.189882e-01
5.106520e-02 9.999769e-02
5.206585e-02 1.190854e-01
5.306649e-02 9.782326e-02
5.406714e-02 1.072373e-01
5.506779e-02 1.175287e-01
5.606843e-02 1.223361e-01
5.706908e-02 1.049237e-01
5.806972e-02 1.032572e-01
5.907037e-02 1.142927e-01
6.007101e-02 1.055847e-01
6.107166e-02 1.150993e-01
6.207230e-02 9.336872e-02
6.307295e-02 1.185034e-01
6.407360e-02 1.074507e-01
6.507424e-02 1.056175e-01
6.607489e-02 1.023535e-01
6.707553e-02 1.064573e-01
6.807618e-02 1.035772e-01
6.907682e-02 8.073462e-02
7.007747e-02 1.032733e-01
7.107811e-02 8.117416e-02
7.207876e-02 9.320479e-02
7.307941e-02 1.022450e-01
7.408005e-02 1.031016e-01
7.508070e-02 8.072934e-02
7.608134e-02 8.812446e-02
7.708199e-02 9.057004e-02
7.808263e-02 7.468256e-02
7.908328e-02 8.335292e-02
8.008393e-02 8.071847e-02
8.108457e-02 1.005038e-01
8.208522e-02 6.408553e-02
8.308586e-02 8.779357e-02
8.408651e-02 7.511218e-02
8.508715e-02 7.849174e-02
8.608780e-02 9.125275e-02
8.708844e-02 8.124272e-02
8.808909e-02 7.469983e-02
8.908974e-02 8.320073e-02
9.009038e-02 6.813593e-02
9.109103e-02 6.978138e-02
9.209167e-02 7.504808e-02
9.309232e-02 7.958135e-02
9.409296e-02 7.366641e-02
9.509361e-02 6.205397e-02
9.609425e-02 6.302280e-02
9.709490e-02 7.682340e-02
9.809555e-02 6.248913e-02
9.909619e-02 7.638416e-02
1.000968e-01 7.965626e-02
1.010975e-01 5.891261e-02
1.020981e-01 5.660041e-02
1.030988e-01 6.357139e-02
1.040994e-01 7.745033e-02
1.051001e-01 7.793134e-02
1.061007e-01 6.652507e-02
1.071014e-01 6.760568e-02
1.081020e-01 7.371591e-02
1.091026e-01 5.701594e-02
1.101033e-01 5.744934e-02
1.111039e-01 7.358605e-02
1.121046e-01 5.621020e-02
1.131052e-01 5.323801e-02
1.141059e-01 6.058083e-02
1.151065e-01 5.881199e-02
1.161072e-01 5.452952e-02
1.171078e-01 6.944341e-02
1.181085e-01 4.913273e-02
1.191091e-01 6.003612e-02
1.201097e-01 7.650833e-02
1.211104e-01 7.301260e-02
1.221110e-01 6.767395e-02
1.231117e-01 7.198235e-02
1.241123e-01 6.692549e-02
1.251130e-01 5.634065e-02
1.261136e-01 6.615999e-02
1.271143e-01 3.530502e-02
1.281149e-01 5.670032e-02
1.291156e-01 6.072084e-02
1.301162e-01 5.836289e-02
1.311168e-01 6.101827e-02
1.321175e-01 5.252434e-02
1.331181e-01 6.460607e-02
1.341188e-01 4.664648e-02
1.351194e-01 5.909309e-02
1.361201e-01 6.484044e-02
1.371207e-01 5.695083e-02
1.381214e-01 4.553648e-02
1.391220e-01 6.833189e-02
1.401227e-01 4.047713e-02
1.411233e-01 5.823448e-02
1.421240e-01 3.956538e-02
1.431246e-01 5.478850e-02
1.441252e-01 4.448198e-02
1.451259e-01 5.189618e-02
1.461265e-01 4.195093e-02
1.471272e-01 5.770792e-02
1.481278e-01 6.634813e-02
1.491285e-01 6.014867e-02
1.501291e-01 4.768160e-02
1.511298e-01 5.418417e-02
1.521304e-01 4.336769e-02
1.531311e-01 5.561665e-02
1.541317e-01 3.395658e-02
1.551323e-01 4.998459e-02
1.561330e-01 4.806848e-02
1.571336e-01 4.580412e-02
1.581343e-01 6.248684e-02
1.591349e-01 3.390384e-02
1.601356e-01 3.977292e-02
1.611362e-01 4.291820e-02
1.621369e-01 3.401469e-02
1.631375e-01 4.030297e-02
1.641382e-01 4.545070e-02
1.651388e-01 1.983679e-02
1.661394e-01 4.777400e-02
1.671401e-01 3.573776e-02
1.681407e-01 3.110233e-02
1.691414e-01 3.372504e-02
1.701420e-01 4.544709e-02
1.711427e-01 3.186549e-02
1.721433e-01 5.801457e-02
1.731440e-01 4.361035e-02
1.741446e-01 3.139539e-02
1.751453e-01 2.286890e-02
1.761459e-01 3.536863e-02
1.771465e-01 4.528150e-02
1.781472e-01 3.786894e-02
1.791478e-01 3.368193e-02
1.801485e-01 3.554951e-02
1.811491e-01 3.659139e-02
1.821498e-01 2.979183e-02
1.831504e-01 5.935324e-02
1.841511e-01 4.501574e-02
1.851517e-01 2.897345e-02
1.861524e-01 1.607252e-02
1.871530e-01 4.092337e-02
1.881536e-01 4.552744e-02
1.891543e-01 3.769472e-02
1.901549e-01 3.436456e-02
1.911556e-01 3.458470e-02
1.921562e-01 3.439358e-02
1.931569e-01 3.206861e-02
1.941575e-01 3.421306e-02
1.951582e-01 3.302438e-02
1.961588e-01 4.215059e-02
1.971595e-01 4.564582e-02
1.981601e-01 3.982774e-02
1.991607e-01 4.875611e-02
2.001614e-01 4.332818e-02
2.011620e-01 4.859955e-02
2.021627e-01 3.956123e-02
2.031633e-01 3.448477e-02
2.041640e-01 4.893641e-02
2.051646e-01 2.453460e-02
2.061653e-01 4.835301e-02
2.071659e-01 3.116514e-02
2.081666e-01 4.526394e-02
2.091672e-01 3.624200e-02
2.101679e-01 2.529917e-02
2.111685e-01 2.734528e-02
2.121691e-01 5.171265e-02
2.131698e-01 2.733924e-02
2.141704e-01 4.735959e-02
2.151711e-01 4.523842e-02
2.161717e-01 3.028270e-02
2.171724e-01 2.127716e-02
2.181730e-01 3.667156e-02
2.191737e-01 2.085493e-02
2.201743e-01 5.076826e-02
2.211750e-01 4.184681e-02
2.221756e-01 1.316867e-02
2.231762e-01 3.756175e-02
2.241769e-01 2.768189e-02
2.251775e-01 2.132651e-02
2.261782e-01 3.505499e-02
2.271788e-01 1.149592e-02
2.281795e-01 2.178634e-02
2.291801e-01 2.164265e-02
2.301808e-01 1.887648e-02
2.311814e-01 2.323690e-02
2.321821e-01 4.023501e-02
2.331827e-01 2.454017e-02
2.341833e-01 3.857252e-02
2.351840e-01 1.215858e-02
2.361846e-01 1.810277e-02
2.371853e-01 3.484022e-02
2.381859e-01 2.345712e-02
2.391866e-01 1.518199e-02
2.401872e-01 2.136775e-02
2.411879e-01 3.139632e-02
2.421885e-01 1.469375e-02
2.431892e-01 1.495255e-02
2.441898e-01 1.410938e-03
2.451904e-01 3.477819e-02
2.461911e-01 3.714542e-02
2.471917e-01 1.665762e-02
2.481924e-01 3.190858e-02
2.491930e-01 3.124118e-02
2.501937e-01 3.370482e-02
2.511943e-01 3.670786e-02
2.521950e-01 3.226313e-02
2.531956e-01 1.781719e-02
2.541963e-01 3.540139e-02
2.551969e-01 1.615972e-02
2.561975e-01 2.403520e-02
2.571982e-01 1.684445e-02
2.581988e-01 2.116651e-02
2.591995e-01 2.443783e-02
2.602001e-01 2.878326e-02
2.612008e-01 3.272358e-02
2.622014e-01 3.193103e-02
2.632021e-01 3.642628e-02
2.642027e-01 2.594940e-02
2.652034e-01 3.440146e-03
2.662040e-01 3.609282e-02
2.672046e-01 1.101570e-02
2.682053e-01 3.845653e-02
2.692059e-01 2.959621e-02
2.702066e-01 4.450111e-02
2.712072e-01 2.811725e-02
2.722079e-01 2.153354e-02
2.732085e-01 2.168179e-02
2.742092e-01 3.652103e-02
2.752098e-01 2.562559e-02
2.762105e-01 1.523167e-02
2.772111e-01 3.277592e-02
2.782117e-01 8.123848e-03
2.792124e-01 2.240312e-02
2.802130e-01 4.259801e-02
2.812137e-01 4.161183e-02
2.822143e-01 2.589832e-02
2.832150e-01 1.665218e-02
2.842156e-01 1.924166e-02
2.852163e-01 2.956476e-02
2.862169e-01 3.058971e-02
2.872176e-01 2.278606e-02
2.882182e-01 8.840735e-03
2.892189e-01 3.746310e-02
2.902195e-01 1.921638e-02
2.912201e-01 2.798949e-02
2.922208e-01 5.098904e-02
2.932214e-01 1.800657e-02
2.942221e-01 2.014679e-02
2.952227e-01 2.337541e-02
2.962234e-01 2.566108e-02
2.972240e-01 -6.833398e-04
2.982247e-01 3.574131e-02
2.992253e-01 2.095047e-02
3.002260e-01 2.556736e-02
3.012266e-01 2.407857e-02
3.022272e-01 1.697181e-02
3.032279e-01 1.800535e-02
3.042285e-01 2.828245e-02
3.052292e-01 1.116336e-02
3.062298e-01 3.024198e-02
3.072305e-01 1.024442e-02
3.082311e-01 1.670244e-02
3.092318e-01 2.454749e-02
3.102324e-01 1.344290e-02
3.112331e-01 3.321039e-02
3.122337e-01 1.478010e-02
3.132343e-01 1.360522e-02
3.142350e-01 2.419227e-02
3.152356e-01 3.047465e-02
3.162363e-01 1.001092e-02
3.172369e-01 2.802220e-02
3.182376e-01 3.302544e-02
3.192382e-01 1.659118e-02
3.202389e-01 3.223016e-02
3.212395e-01 1.618853e-02
3.222402e-01 2.799024e-02
3.232408e-01 1.321327e-02
3.242414e-01 2.428646e-02
3.252421e-01 2.249678e-02
3.262427e-01 2.528867e-02
3.272434e-01 3.160731e-02
3.282440e-01 8.466422e-03
3.292447e-01 3.619051e-02
3.302453e-01 2.027121e-02
3.312460e-01 1.491919e-02
3.322466e-01 1.748426e-02
3.332473e-01 2.812156e-02
3.342479e-01 3.419031e-02
3.352485e-01 2.222204e-02
3.362492e-01 3.372143e-02
3.372498e-01 8.257961e-03
3.382505e-01 2.461806e-02
3.392511e-01 3.056099e-02
3.402518e-01 2.104905e-02
3.412524e-01 1.917786e-02
3.422531e-01 2.555190e-02
3.432537e-01 1.563573e-02
3.442544e-01 6.570654e-03
3.452550e-01 2.849484e-04
3.462556e-01 1.039449e-02
3.472563e-01 1.318953e-02
3.482569e-01 1.751342e-02
3.492576e-01 9.163942e-03
3.502582e-01 2.981478e-02
3.512589e-01 2.138874e-02
3.522595e-01 3.872563e-03
3.532602e-01 1.131863e-02
3.542608e-01 2.609163e-02
3.552615e-01 2.958222e-02
3.562621e-01 2.383611e-02
3.572628e-01 1.390529e-02
3.582634e-01 2.027428e-02
3.592640e-01 2.669404e-02
3.602647e-01 3.817465e-02
3.612653e-01 1.947538e-02
3.622660e-01 1.494696e-02
3.632666e-01 8.314867e-03
3.642673e-01 1.669049e-02
3.652679e-01 1.653299e-02
3.662686e-01 2.683272e-03
3.672692e-01 1.705292e-02
3.682699e-01 1.824023e-02
3.692705e-01 3.053745e-02
3.702711e-01 2.956510e-02
3.712718e-01 2.552946e-02
3.722724e-01 2.929388e-02
3.732731e-01 1.075753e-02
3.742737e-01 5.171459e-03
3.752744e-01 1.381750e-02
3.762750e-01 2.143714e-02
3.772757e-01 2.937356e-02
3.782763e-01 6.410028e-03
3.792770e-01 1.962023e-02
3.802776e-01 2.237504e-02
3.812782e-01 2.737419e-02
3.822789e-01 3.153357e-03
3.832795e-01 -4.494917e-03
3.842802e-01 1.901828e-02
3.852808e-01 4.280104e-03
3.862815e-01 3.663079e-02
3.872821e-01 1.485897e-02
3.882828e-01 3.139108e-02
3.892834e-01 2.490732e-02
3.902841e-01 1.563485e-02
3.912847e-01 3.356479e-02
3.922853e-01 8.964496e-03
3.932860e-01 7.406027e-03
3.942866e-01 1.923455e-02
3.952873e-01 2.058354e-02
3.962879e-01 1.689391e-02
3.972886e-01 2.092798e-02
3.982892e-01 9.302180e-04
3.992899e-01 1.176015e-02
4.002905e-01 2.717048e-02
4.012912e-01 1.268040e-02
4.022918e-01 2.640619e-02
4.032924e-01 1.541059e-02
4.042931e-01 3.242581e-02
4.052937e-01 2.264372e-02
4.062944e-01 6.371546e-03
4.072950e-01 8.439662e-03
4.082957e-01 4.230346e-03
4.092963e-01 1.929388e-02
4.102970e-01 3.519550e-02
4.112976e-01 1.850886e-02
4.122983e-01 1.879035e-02
4.132989e-01 1.472937e-02
4.142995e-01 1.949221e-02
4.153002e-01 3.204487e-02
4.163008e-01 2.803657e-02
4.173015e-01 1.514108e-02
4.183021e-01 2.054958e-02
4.193028e-01 4.623523e-02
4.203034e-01 3.902265e-02
4.213041e-01 1.744366e-02
4.223047e-01 4.142413e-02
4.233054e-01 3.947828e-03
4.243060e-01 1.054699e-02
4.253066e-01 1.350416e-02
4.263073e-01 1.342229e-02
4.273079e-01 2.852121e-02
4.283086e-01 1.698797e-02
4.293092e-01 1.662750e-02
4.303099e-01 2.568942e-03
4.313105e-01 1.218813e-02
4.323112e-01 8.519299e-03
4.333118e-01 3.211544e-02
4.343125e-01 6.903415e-03
4.353131e-01 2.179863e-02
4.363138e-01 1.093772e-02
4.373144e-01 1.859346e-02
4.383150e-01 2.586271e-02
4.393157e-01 1.511815e-02
4.403163e-01 6.977112e-04
4.413170e-01 1.061099e-02
4.423176e-01 2.301413e-02
4.433183e-01 5.406621e-04
4.443189e-01 -2.835554e-03
4.453196e-01 1.041800e-02
4.463202e-01 2.575894e-03
4.473209e-01 1.329201e-02
4.483215e-01 1.310818e-02
4.493221e-01 1.291145e-02
4.503228e-01 1.708519e-02
4.513234e-01 1.115498e-02
4.523241e-01 2.501912e-02
4.533247e-01 2.376553e-02
4.543254e-01 7.389953e-03
4.553260e-01 1.953933e-02
4.563267e-01 8.598833e-03
4.573273e-01 1.923273e-02
4.583280e-01 1.022906e-02
4.593286e-01 1.491087e-02
4.603292e-01 -2.423586e-03
4.613299e-01 2.412151e-02
4.623305e-01 2.377970e-02
4.633312e-01 1.611503e-02
4.643318e-01 5.091096e-03
4.653325e-01 3.584704e-02
4.663331e-01 2.032883e-02
4.673338e-01 3.370632e-02
4.683344e-01 1.133926e-02
4.693351e-01 1.078079e-02
4.703357e-01 2.482572e-02
4.713363e-01 3.914165e-03
4.723370e-01 1.356831e-02
4.733376e-01 2.131923e-02
4.743383e-01 1.812051e-02
4.753389e-01 2.298875e-02
4.763396e-01 8.976646e-03
4.773402e-01 7.119180e-03
4.783409e-01 -1.491904e-03
4.793415e-01 1.362132e-02
4.803422e-01 1.635271e-02
4.813428e-01 1.658725e-02
4.823434e-01 1.035280e-02
4.833441e-01 1.830776e-02
4.843447e-01 8.466311e-03
4.853454e-01 3.092289e-02
4.863460e-01 2.903965e-02
4.873467e-01 1.290552e-02
4.883473e-01 2.342939e-02
4.893480e-01 2.595806e-02
4.903486e-01 2.354585e-02
4.913493e-01 2.587655e-02
4.923499e-01 1.701706e-02
4.933505e-01 2.871834e-02
4.943512e-01 2.615761e-02
4.953518e-01 3.938570e-03
4.963525e-01 1.200072e-02
4.973531e-01 1.610518e-02
4.983538e-01 2.009654e-02
4.993544e-01 2.022450e-02
5.003551e-01 -1.461672e-02
5.013557e-01 1.440723e-02
5.023564e-01 2.219936e-02
5.033570e-01 2.151093e-02
5.043577e-01 -6.213966e-03
5.053583e-01 3.175156e-02
5.063589e-01 3.617102e-02
5.073596e-01 1.577756e-02
5.083602e-01 1.232997e-02
5.093609e-01 3.526276e-03
5.103615e-01 2.805612e-02
5.113622e-01 3.034796e-02
5.123628e-01 1.979865e-02
5.133635e-01 6.766457e-04
5.143641e-01 1.072275e-02
5.153648e-01 2.363819e-02
5.163654e-01 2.583806e-02
5.173660e-01 2.424049e-02
5.183667e-01 1.774930e-02
5.193673e-01 6.473258e-03
5.203680e-01 1.278807e-02
5.213686e-01 2.823190e-02
5.223693e-01 1.627543e-02
5.233699e-01 1.351700e-02
5.243706e-01 1.528753e-02
5.253712e-01 1.942126e-02
5.263719e-01 2.596264e-02
5.273725e-01 1.325336e-02
5.283731e-01 1.403183e-02
5.293738e-01 6.595720e-03
5.303744e-01 4.789582e-03
5.313751e-01 1.981748e-02
5.323757e-01 2.754038e-02
5.333764e-01 2.469359e-02
5.343770e-01 2.715890e-02
5.353777e-01 2.116215e-02
5.363783e-01 2.485417e-02
5.373790e-01 1.263024e-02
5.383796e-01 2.105604e-02
5.393802e-01 1.267767e-02
5.403809e-01 1.862926e-02
5.413815e-01 2.503817e-02
5.423822e-01 1.431617e-02
5.433828e-01 2.246681e-02
5.443835e-01 2.658469e-02
5.453841e-01 2.472463e-02
5.463848e-01 4.243355e-02
5.473854e-01 1.447719e-02
5.483861e-01 1.504303e-02
5.493867e-01 1.297466e-02
5.503873e-01 1.666799e-02
5.513880e-01 1.615034e-02
5.523886e-01 5.225075e-02
5.533893e-01 1.259320e-02
5.543899e-01 2.680906e-02
5.553906e-01 1.032069e-02
5.563912e-01 4.507115e-03
5.573919e-01 2.122133e-02
5.583925e-01 1.313163e-02
5.593932e-01 1.714783e-02
5.603938e-01 3.118369e-02
5.613944e-01 7.553747e-03
5.623951e-01 -6.203945e-03
5.633957e-01 7.598061e-03
5.643964e-01 2.854820e-02
5.653970e-01 3.225517e-02
5.663977e-01 4.206987e-02
5.673983e-01 1.884485e-02
5.683990e-01 2.977621e-02
5.693996e-01 3.218491e-02
5.704003e-01 1.421410e-02
5.714009e-01 1.643314e-02
5.724015e-01 3.520764e-02
5.734022e-01 1.489735e-02
5.744028e-01 2.943785e-02
5.754035e-01 3.034554e-02
5.764041e-01 1.569783e-02
5.774048e-01 1.549258e-02
5.784054e-01 1.429001e-02
5.794061e-01 1.588991e-02
5.804067e-01 1.153774e-02
5.814074e-01 2.834077e-03
5.824080e-01 3.425264e-03
5.834087e-01 1.008638e-02
5.844093e-01 7.156002e-03
5.854099e-01 2.653832e-02
5.864106e-01 6.246132e-03
5.874112e-01 1.760433e-02
5.884119e-01 2.176921e-02
5.894125e-01 2.570271e-02
5.904132e-01 3.974494e-02
5.914138e-01 2.482150e-02
5.924145e-01 2.267760e-02
5.934151e-01 1.269409e-02
5.944158e-01 2.309482e-02
5.954164e-01 1.864973e-02
5.964170e-01 2.033231e-02
5.974177e-01 1.553105e-02
5.984183e-01 1.914808e-02
5.994190e-01 8.293384e-03
6.004196e-01 1.945295e-02
6.014203e-01 1.318729e-02
6.024209e-01 6.883091e-03
6.034216e-01 2.265190e-02
6.044222e-01 2.659728e-02
6.054229e-01 3.664006e-02
6.064235e-01 2.526132e-02
6.074241e-01 6.964024e-03
6.084248e-01 2.284703e-02
6.094254e-01 1.303125e-02
6.104261e-01 1.585838e-02
6.114267e-01 -8.053521e-03
6.124274e-01 2.491218e-02
6.134280e-01 2.031674e-02
6.144287e-01 3.745670e-02
6.154293e-01 1.116494e-02
6.164300e-01 9.898424e-03
6.174306e-01 1.854440e-02
6.184312e-01 1.239143e-02
6.194319e-01 1.826448e-02
6.204325e-01 7.137968e-03
6.214332e-01 1.705668e-02
6.224338e-01 3.201309e-02
6.234345e-01 2.432993e-02
6.244351e-01 2.119434e-02
6.254358e-01 3.053830e-02
6.264364e-01 3.599004e-02
6.274371e-01 -4.519224e-03
6.284377e-01 1.216674e-02
6.294383e-01 2.370744e-02
6.304390e-01 1.021778e-02
6.314396e-01 1.399357e-02
6.324403e-01 6.332326e-03
6.334409e-01 2.348093e-02
6.344416e-01 2.009039e-02
6.354422e-01 2.728710e-02
6.364429e-01 3.767411e-02
6.374435e-01 2.342843e-02
6.384442e-01 4.619383e-02
6.394448e-01 1.263246e-03
6.404454e-01 4.036449e-03
6.414461e-01 1.339872e-02
6.424467e-01 1.070173e-02
6.434474e-01 1.809299e-02
6.444480e-01 2.282037e-02
6.454487e-01 2.134492e-02
6.464493e-01 3.705829e-02
6.474500e-01 -1.983688e-03
6.484506e-01 2.074732e-02
6.494513e-01 2.492764e-02
6.504519e-01 1.262215e-02
6.514526e-01 -2.374984e-04
6.524532e-01 2.589002e-02
6.534538e-01 2.620774e-02
6.544545e-01 2.356743e-02
6.554551e-01 2.015133e-02
6.564558e-01 1.066471e-02
6.574564e-01 -9.622347e-05
6.584571e-01 2.350203e-02
6.594577e-01 2.995042e-03
6.604584e-01 4.879344e-03
6.614590e-01 3.408783e-02
6.624597e-01 1.642261e-02
6.634603e-01 2.405500e-02
6.644609e-01 1.870062e-02
6.654616e-01 2.039630e-02
6.664622e-01 2.378881e-02
6.674629e-01 6.133692e-03
6.684635e-01 8.667599e-03
6.694642e-01 6.689989e-03
6.704648e-01 1.636276e-02
6.714655e-01 1.260199e-03
6.724661e-01 2.520961e-02
6.734668e-01 1.513686e-02
6.744674e-01 -8.495355e-04
6.754680e-01 2.807148e-02
6.764687e-01 1.446013e-03
6.774693e-01 2.824598e-02
6.784700e-01 1.468124e-02
6.794706e-01 1.523448e-02
6.804713e-01 1.246336e-02
6.814719e-01 2.297334e-02
6.824726e-01 2.352259e-02
6.834732e-01 1.332131e-02
6.844739e-01 1.558786e-02
6.854745e-01 3.929334e-02
6.864751e-01 2.093556e-02
6.874758e-01 1.125929e-02
6.884764e-01 2.824224e-02
6.894771e-01 8.640216e-03
6.904777e-01 3.466617e-02
6.914784e-01 2.936367e-02
6.924790e-01 1.103002e-02
6.934797e-01 1.419004e-02
6.944803e-01 3.138867e-02
6.954810e-01 2.225731e-02
6.964816e-01 3.511697e-02
6.974822e-01 3.046216e-02
6.984829e-01 1.475736e-02
6.994835e-01 1.705796e-02
7.004842e-01 2.181965e-02
7.014848e-01 3.080536e-03
7.024855e-01 1.222101e-02
7.034861e-01 9.799786e-03
7.044868e-01 2.826573e-02
7.054874e-01 3.875972e-02
7.064881e-01 2.232546e-02
7.074887e-01 1.102695e-02
7.084893e-01 1.766355e-02
7.094900e-01 5.595682e-03
7.104906e-01 1.682091e-02
7.114913e-01 1.166075e-02
7.124919e-01 1.899502e-02
7.134926e-01 1.299841e-02
7.144932e-01 1.187627e-02
7.154939e-01 1.324190e-02
7.164945e-01 1.694446e-02
7.174952e-01 1.179998e-02
7.184958e-01 2.359422e-02
7.194964e-01 1.924441e-02
7.204971e-01 1.468463e-02
7.214977e-01 9.998031e-03
7.224984e-01 1.628551e-02
7.234990e-01 3.630275e-03
7.244997e-01 1.123024e-02
7.255003e-01 1.600238e-03
7.265010e-01 3.063174e-02
7.275016e-01 6.174012e-03
7.285023e-01 1.125974e-02
7.295029e-01 3.189984e-02
7.305036e-01 2.366245e-02
7.315042e-01 9.615450e-03
7.325048e-01 1.749932e-02
7.335055e-01 2.798378e-02
7.345061e-01 2.403370e-02
7.355068e-01 9.137302e-03
7.365074e-01 2.270423e-02
7.375081e-01 1.383483e-02
7.385087e-01 1.714369e-02
7.395094e-01 1.553391e-02
7.405100e-01 3.148556e-02
7.415107e-01 1.169183e-02
7.425113e-01 2.139399e-02
7.435119e-01 3.641992e-03
7.445126e-01 -8.470200e-04
7.455132e-01 3.348318e-02
7.465139e-01 2.381938e-02
7.475145e-01 2.179384e-02
7.485152e-01 2.422605e-02
7.495158e-01 2.197251e-02
7.505165e-01 9.536476e-03
7.515171e-01 2.054391e-02
7.525178e-01 9.405646e-03
7.535184e-01 2.180601e-02
7.545190e-01 4.018954e-03
7.555197e-01 1.961783e-02
7.565203e-01 1.757464e-03
7.575210e-01 2.755658e-02
7.585216e-01 1.930856e-02
7.595223e-01 1.195234e-02
7.605229e-01 2.344702e-02
7.615236e-01 2.554966e-02
7.625242e-01 2.374722e-02
7.635249e-01 8.081840e-03
7.645255e-01 1.637110e-02
7.655261e-01 1.195110e-02
7.665268e-01 2.490914e-02
7.675274e-01 1.077857e-02
7.685281e-01 1.514907e-02
7.695287e-01 3.197036e-02
7.705294e-01 7.998984e-03
7.715300e-01 1.536707e-02
7.725307e-01 2.361349e-02
7.735313e-01 5.952544e-03
7.745320e-01 3.900721e-02
7.755326e-01 3.518779e-03
7.765332e-01 1.209970e-02
7.775339e-01 1.918774e-02
7.785345e-01 2.625255e-02
7.795352e-01 1.148238e-02
7.805358e-01 3.275808e-03
7.815365e-01 1.649041e-02
7.825371e-01 3.261596e-02
7.835378e-01 5.522382e-05
7.845384e-01 1.838571e-02
7.855391e-01 3.296964e-02
7.865397e-01 7.539766e-03
7.875403e-01 1.898197e-02
7.885410e-01 5.692002e-03
7.895416e-01 2.032036e-02
7.905423e-01 1.539286e-02
7.915429e-01 -9.938735e-03
7.925436e-01 2.737453e-02
7.935442e-01 2.308752e-02
7.945449e-01 2.109428e-02
7.955455e-01 3.274096e-02
7.965462e-01 2.723509e-02
7.975468e-01 1.663764e-02
7.985474e-01 1.922904e-02
7.995481e-01 1.377369e-02
8.005487e-01 5.383571e-03
8.015494e-01 1.829690e-02
8.025500e-01 8.428726e-03
8.035507e-01 2.270534e-02
8.045513e-01 1.033699e-02
8.055520e-01 1.195087e-02
8.065526e-01 1.914401e-02
8.075533e-01 4.072680e-02
8.085539e-01 2.485239e-02
8.095546e-01 2.902046e-03
8.105552e-01 -9.848924e-03
8.115558e-01 9.386996e-03
8.125565e-01 2.516598e-02
8.135571e-01 8.630168e-03
8.145578e-01 1.637891e-02
8.155584e-01 1.925653e-02
8.165591e-01 2.940709e-02
8.175597e-01 2.597966e-02
8.185604e-01 1.338489e-03
8.195610e-01 1.166274e-02
8.205617e-01 2.234994e-02
8.215623e-01 1.429558e-03
8.225629e-01 9.578550e-03
8.235636e-01 3.711946e-02
8.245642e-01 2.030465e-02
8.255649e-01 4.838175e-04
8.265655e-01 7.808602e-03
8.275662e-01 2.135042e-02
8.285668e-01 1.480539e-02
8.295675e-01 1.546673e-02
8.305681e-01 2.332963e-02
8.315688e-01 1.870651e-02
8.325694e-01 1.159023e-02
8.335700e-01 1.485989e-02
8.345707e-01 1.841880e-02
8.355713e-01 1.098755e-02
8.365720e-01 2.093513e-02
8.375726e-01 3.051223e-02
8.385733e-01 1.740013e-02
8.395739e-01 2.135982e-02
8.405746e-01 -3.683512e-06
8.415752e-01 2.560027e-02
8.425759e-01 1.853064e-02
8.435765e-01 9.074748e-03
8.445771e-01 -8.218152e-03
8.455778e-01 2.020521e-02
8.465784e-01 2.082741e-02
8.475791e-01 1.390329e-02
8.485797e-01 1.531744e-03
8.495804e-01 1.217381e-02
8.505810e-01 7.549703e-03
8.515817e-01 1.769193e-02
8.525823e-01 1.878765e-02
8.535830e-01 1.156475e-02
8.545836e-01 9.769933e-03
8.555842e-01 2.220214e-02
8.565849e-01 1.465076e-02
8.575855e-01 2.097205e-02
8.585862e-01 1.703593e-02
8.595868e-01 2.623755e-02
8.605875e-01 1.203392e-05
8.615881e-01 1.910470e-02
8.625888e-01 2.387614e-03
8.635894e-01 1.004846e-02
8.645901e-01 2.291800e-02
8.655907e-01 2.844215e-02
8.665913e-01 2.004304e-02
8.675920e-01 2.738317e-02
8.685926e-01 1.187998e-02
8.695933e-01 3.678046e-02
8.705939e-01 7.994483e-03
8.715946e-01 2.344599e-02
8.725952e-01 9.730810e-03
8.735959e-01 2.580903e-02
8.745965e-01 2.045599e-02
8.755972e-01 4.008433e-03
8.765978e-01 2.430577e-02
8.775985e-01 3.912975e-03
8.785991e-01 1.827046e-02
8.795997e-01 5.919929e-03
8.806004e-01 1.533736e-02
8.816010e-01 1.258816e-03
8.826017e-01 1.446241e-02
8.836023e-01 2.594475e-02
8.846030e-01 9.808456e-03
8.856036e-01 1.927345e-02
8.866043e-01 5.684768e-03
8.876049e-01 1.941582e-02
8.886056e-01 2.277602e-02
8.896062e-01 2.471513e-02
8.906068e-01 7.725768e-03
8.916075e-01 -8.981523e-03
8.926081e-01 1.948117e-02
8.936088e-01 4.414250e-03
8.946094e-01 1.633314e-02
8.956101e-01 2.351952e-02
8.966107e-01 6.797767e-03
8.976114e-01 -1.839622e-03
8.986120e-01 1.206450e-02
8.996127e-01 5.069681e-04
9.006133e-01 2.216369e-02
9.016139e-01 1.497797e-02
9.026146e-01 2.587470e-02
9.036152e-01 1.294973e-02
9.046159e-01 1.673077e-02
9.056165e-01 2.547224e-03
9.066172e-01 3.167663e-02
9.076178e-01 3.114802e-02
9.086185e-01 3.084704e-02
9.096191e-01 1.513513e-02
9.106198e-01 1.697525e-02
9.116204e-01 3.843256e-03
9.126210e-01 2.337031e-02
9.136217e-01 6.189833e-03
9.146223e-01 1.203482e-02
9.156230e-01 2.411226e-02
9.166236e-01 1.084578e-02
9.176243e-01 1.028571e-02
9.186249e-01 3.621989e-02
9.196256e-01 1.511453e-02
9.206262e-01 5.685712e-03
9.216269e-01 1.654627e-02
9.226275e-01 2.364700e-02
9.236281e-01 2.177796e-02
9.246288e-01 1.450077e-02
9.256294e-01 1.015105e-02
9.266301e-01 7.653651e-03
9.276307e-01 1.385620e-02
9.286314e-01 1.935935e-02
9.296320e-01 1.030255e-02
9.306327e-01 9.053692e-04
9.316333e-01 1.908231e-02
9.326340e-01 2.639496e-02
9.336346e-01 1.351015e-02
9.346352e-01 1.050941e-02
9.356359e-01 7.401657e-03
9.366365e-01 1.357283e-02
9.376372e-01 1.536435e-03
9.386378e-01 -2.287002e-03
9.396385e-01 2.495959e-02
9.406391e-01 -7.953135e-03
9.416398e-01 1.345261e-03
9.426404e-01 1.723598e-02
9.436411e-01 8.062391e-03
9.446417e-01 1.584631e-02
9.456423e-01 2.739519e-02
9.466430e-01 1.414911e-02
9.476436e-01 2.894501e-03
9.486443e-01 1.827672e-02
9.496449e-01 1.250682e-02
9.506456e-01 1.747527e-02
9.516462e-01 1.522671e-02
9.526469e-01 3.108070e-02
9.536475e-01 1.581650e-02
9.546482e-01 4.002129e-04
9.556488e-01 1.953332e-02
9.566495e-01 2.043042e-02
9.576501e-01 2.531278e-02
9.586507e-01 1.179125e-02
9.596514e-01 1.581626e-02
9.606520e-01 1.413911e-02
9.616527e-01 -3.536410e-05
9.626533e-01 1.038698e-02
9.636540e-01 1.415647e-02
9.646546e-01 1.648058e-02
9.656553e-01 1.403743e-02
9.666559e-01 2.451047e-02
9.676566e-01 3.163158e-04
9.686572e-01 2.485549e-02
9.696578e-01 2.963705e-02
9.706585e-01 2.045290e-02
9.716591e-01 -2.413466e-03
9.726598e-01 6.006560e-03
9.736604e-01 2.970655e-02
9.746611e-01 4.873058e-03
9.756617e-01 5.097042e-03
9.766624e-01 1.689187e-02
9.776630e-01 2.121563e-02
9.786637e-01 1.877338e-02
9.796643e-01 3.014364e-02
9.806649e-01 5.642890e-04
9.816656e-01 2.275933e-02
9.826662e-01 1.460026e-02
9.836669e-01 2.438714e-02
9.846675e-01 1.538434e-02
9.856682e-01 2.854845e-02
9.866688e-01 -9.656149e-03
9.876695e-01 2.151590e-03
9.886701e-01 1.995395e-02
9.896708e-01 1.694688e-02
9.906714e-01 2.397858e-02
9.916720e-01 1.233348e-02
9.926727e-01 1.576509e-02
9.936733e-01 -1.263370e-03
9.946740e-01 2.674049e-02
9.956746e-01 2.110116e-02
9.966753e-01 1.044646e-02
9.976759e-01 1.725808e-02
9.986766e-01 3.150293e-02
9.996772e-01 2.185561e-02
1.000678e+00 2.264761e-02
1.001679e+00 -6.585526e-03
1.002679e+00 1.125150e-02
1.003680e+00 1.756959e-02
1.004680e+00 -1.167632e-02
1.005681e+00 1.493789e-02
1.006682e+00 1.151576e-02
1.007682e+00 1.899524e-02
1.008683e+00 -1.608660e-03
1.009684e+00 2.851704e-02
1.010684e+00 -1.211086e-03
1.011685e+00 1.454670e-02
1.012686e+00 8.005115e-03
1.013686e+00 2.279615e-02
1.014687e+00 1.123095e-02
1.015688e+00 1.421688e-02
1.016688e+00 3.932911e-02
1.017689e+00 1.244263e-02
1.018689e+00 9.766960e-03
1.019690e+00 1.576885e-02
1.020691e+00 1.913089e-02
1.021691e+00 1.664745e-02
1.022692e+00 1.942103e-02
1.023693e+00 3.185189e-02
1.024693e+00 2.091977e-02
1.025694e+00 2.212790e-02
1.026695e+00 1.345677e-03
1.027695e+00 1.818846e-02
1.028696e+00 1.411258e-02
1.029697e+00 1.211019e-02
1.030697e+00 6.552612e-03
1.031698e+00 6.941380e-03
1.032699e+00 -9.249663e-03
1.033699e+00 1.553780e-02
1.034700e+00 -3.316301e-03
1.035700e+00 1.457102e-02
1.036701e+00 2.991627e-02
1.037702e+00 2.838682e-02
1.038702e+00 1.748514e-02
1.039703e+00 2.592199e-04
1.040704e+00 1.894812e-02
1.041704e+00 1.367721e-02
1.042705e+00 5.950894e-03
1.043706e+00 1.998238e-02
1.044706e+00 1.358943e-02
1.045707e+00 2.452624e-02
1.046708e+00 1.703165e-02
1.047708e+00 1.716247e-02
1.048709e+00 1.560786e-02
1.049709e+00 1.634648e-02
1.050710e+00 1.081432e-02
1.051711e+00 9.909317e-03
1.052711e+00 -4.638700e-04
1.053712e+00 2.200152e-02
1.054713e+00 2.729566e-02
1.055713e+00 -1.385596e-02
1.056714e+00 8.079944e-03
1.057715e+00 1.631116e-02
1.058715e+00 2.230893e-02
1.059716e+00 1.203739e-02
1.060717e+00 1.404474e-02
1.061717e+00 2.105521e-02
1.062718e+00 1.408334e-02
1.063719e+00 2.395684e-02
1.064719e+00 9.889485e-03
1.065720e+00 1.852189e-02
1.066720e+00 1.410380e-02
1.067721e+00 1.218551e-02
1.068722e+00 2.189930e-03
1.069722e+00 1.837090e-02
1.070723e+00 1.404300e-02
1.071724e+00 1.136682e-02
1.072724e+00 3.663504e-03
1.073725e+00 1.440430e-03
1.074726e+00 1.282827e-02
1.075726e+00 5.390629e-03
1.076727e+00 7.307237e-03
1.077728e+00 1.268862e-02
1.078728e+00 -8.345275e-03
1.079729e+00 2.898103e-02
1.080730e+00 2.572696e-02
1.081730e+00 1.520539e-03
1.082731e+00 6.474428e-03
1.083731e+00 1.297415e-02
1.084732e+00 3.630660e-03
1.085733e+00 3.220460e-02
1.086733e+00 -1.152281e-02
1.087734e+00 2.597156e-02
1.088735e+00 2.093420e-02
1.089735e+00 1.830931e-02
1.090736e+00 1.196135e-02
1.091737e+00 1.904752e-02
1.092737e+00 8.490702e-03
1.093738e+00 3.782593e-03
1.094739e+00 1.528544e-02
1.095739e+00 1.908460e-02
1.096740e+00 5.447064e-03
1.097740e+00 1.822798e-02
1.098741e+00 2.234132e-02
1.099742e+00 1.030957e-02
1.100742e+00 4.773544e-03
1.101743e+00 2.538629e-02
1.102744e+00 7.271159e-03
1.103744e+00 2.180965e-02
1.104745e+00 2.120231e-02
1.105746e+00 1.470120e-02
1.106746e+00 3.146704e-02
1.107747e+00 -6.110295e-03
1.108748e+00 7.135055e-03
1.109748e+00 2.010238e-02
1.110749e+00 2.194959e-02
1.111750e+00 1.284845e-02
1.112750e+00 2.703715e-02
1.113751e+00 2.378194e-02
1.114751e+00 1.474352e-02
1.115752e+00 1.863494e-02
1.116753e+00 2.566698e-02
1.117753e+00 2.511458e-02
1.118754e+00 1.226264e-02
1.119755e+00 5.667090e-04
1.120755e+00 5.511301e-03
1.121756e+00 2.627250e-02
1.122757e+00 1.214749e-02
1.123757e+00 1.435266e-02
1.124758e+00 2.408697e-02
1.125759e+00 1.343756e-02
1.126759e+00 1.930152e-02
1.127760e+00 2.194377e-02
1.128760e+00 1.790179e-02
1.129761e+00 1.976192e-02
1.130762e+00 1.350321e-02
1.131762e+00 9.974337e-03
1.132763e+00 1.406094e-02
1.133764e+00 1.067059e-02
1.134764e+00 1.028801e-02
1.135765e+00 -1.608069e-03
1.136766e+00 1.915136e-02
1.137766e+00 8.629081e-03
1.138767e+00 8.165072e-03
1.139768e+00 3.645409e-03
1.140768e+00 1.321030e-02
1.141769e+00 9.292800e-03
1.142770e+00 1.288789e-02
1.143770e+00 1.038518e-02
1.144771e+00 2.153049e-02
1.145771e+00 1.569230e-02
1.146772e+00 2.165912e-02
1.147773e+00 4.215082e-02
1.148773e+00 1.229525e-02
1.149774e+00 8.823003e-03
1.150775e+00 -2.509991e-03
1.151775e+00 3.880217e-03
1.152776e+00 1.120259e-02
1.153777e+00 2.257583e-02
1.154777e+00 2.000529e-02
1.155778e+00 7.088912e-03
1.156779e+00 8.260458e-03
1.157779e+00 2.434235e-02
1.158780e+00 1.917931e-02
1.159781e+00 2.232760e-02
1.160781e+00 1.073860e-02
1.161782e+00 5.204652e-03
1.162782e+00 9.898820e-03
1.163783e+00 2.366931e-02
1.164784e+00 1.191307e-02
1.165784e+00 2.443205e-02
1.166785e+00 -6.621760e-03
1.167786e+00 2.529782e-02
1.168786e+00 1.853263e-02
1.169787e+00 3.717100e-02
1.170788e+00 5.666490e-03
1.171788e+00 8.721429e-03
1.172789e+00 2.555303e-02
1.173790e+00 3.706696e-03
1.174790e+00 6.967374e-03
1.175791e+00 2.891471e-03
1.176791e+00 2.266199e-02
1.177792e+00 1.318431e-02
1.178793e+00 3.176060e-02
1.179793e+00 7.608633e-03
1.180794e+00 8.221959e-03
1.181795e+00 6.635980e-03
1.182795e+00 -4.202064e-03
1.183796e+00 6.188401e-03
1.184797e+00 2.406687e-02
1.185797e+00 1.811449e-02
1.186798e+00 2.604407e-02
1.187799e+00 6.612011e-03
1.188799e+00 6.504588e-03
1.189800e+00 -2.261291e-03
1.190801e+00 1.528995e-02
1.191801e+00 3.877344e-03
1.192802e+00 8.028336e-03
1.193802e+00 1.492382e-02
1.194803e+00 2.914294e-02
1.195804e+00 1.702242e-02
1.196804e+00 -1.846542e-02
1.197805e+00 1.679068e-02
1.198806e+00 -1.113559e-05
1.199806e+00 2.863061e-02
1.200807e+00 2.040130e-02
1.201808e+00 1.512866e-02
1.202808e+00 1.775305e-02
1.203809e+00 1.992409e-02
1.204810e+00 9.484112e-03
1.205810e+00 2.048625e-02
1.206811e+00 4.943279e-03
1.207811e+00 2.336871e-02
1.208812e+00 -8.103952e-03
1.209813e+00 4.195533e-02
1.210813e+00 1.420407e-02
1.211814e+00 7.434829e-03
1.212815e+00 4.810510e-02
1.213815e+00 2.218824e-02
1.214816e+00 1.235927e-02
1.215817e+00 9.868956e-03
1.216817e+00 2.916556e-02
1.217818e+00 8.086459e-03
1.218819e+00 6.020588e-03
1.219819e+00 2.757173e-02
1.220820e+00 2.919142e-02
1.221821e+00 5.945733e-03
1.222821e+00 3.157697e-02
1.223822e+00 -6.158190e-04
1.224822e+00 2.390915e-02
1.225823e+00 2.551644e-02
1.226824e+00 1.777702e-02
1.227824e+00 9.517767e-03
1.228825e+00 3.242793e-02
1.229826e+00 4.770370e-03
1.230826e+00 1.261393e-02
1.231827e+00 1.783136e-02
1.232828e+00 8.419183e-03
1.233828e+00 2.566132e-02
1.234829e+00 4.407033e-03
1.235830e+00 2.212708e-02
1.236830e+00 1.585083e-02
1.237831e+00 1.288789e-02
1.238832e+00 4.611827e-03
1.239832e+00 9.198404e-03
1.240833e+00 2.317897e-02
1.241833e+00 2.873245e-02
1.242834e+00 1.800369e-02
1.243835e+00 1.339077e-02
1.244835e+00 7.427470e-03
1.245836e+00 -5.593441e-03
1.246837e+00 3.152470e-02
1.247837e+00 9.803380e-03
1.248838e+00 2.047393e-02
1.249839e+00 5.212991e-03
1.250839e+00 1.188815e-02
1.251840e+00 1.845654e-02
1.252841e+00 1.045932e-02
1.253841e+00 2.245803e-02
1.254842e+00 2.943547e-02
1.255842e+00 1.578036e-02
1.256843e+00 1.755960e-02
1.257844e+00 1.606758e-02
1.258844e+00 3.644476e-02
1.259845e+00 3.490844e-03
1.260846e+00 1.525690e-02
1.261846e+00 4.096922e-02
1.262847e+00 2.249854e-03
1.263848e+00 2.173595e-02
1.264848e+00 1.333021e-02
1.265849e+00 5.554290e-03
1.266850e+00 2.272016e-02
1.267850e+00 -1.261445e-02
1.268851e+00 -2.689532e-03
1.269852e+00 2.608865e-02
1.270852e+00 2.383303e-02
1.271853e+00 1.050017e-03
1.272853e+00 2.451913e-02
1.273854e+00 9.512512e-03
1.274855e+00 1.638791e-02
1.275855e+00 1.519415e-02
1.276856e+00 2.839462e-02
1.277857e+00 2.093485e-02
1.278857e+00 1.662984e-02
1.279858e+00 1.773168e-02
1.280859e+00 1.073270e-02
1.281859e+00 1.731577e-02
1.282860e+00 3.067087e-02
1.283861e+00 1.367514e-02
1.284861e+00 1.673902e-02
1.285862e+00 1.297955e-02
1.286862e+00 1.035516e-02
1.287863e+00 -2.541103e-03
1.288864e+00 6.737473e-03
1.289864e+00 2.096434e-02
1.290865e+00 2.950798e-02
1.291866e+00 4.721100e-03
1.292866e+00 1.883863e-02
1.293867e+00 1.220079e-02
1.294868e+00 8.225996e-03
1.295868e+00 2.056799e-02
1.296869e+00 1.696642e-02
1.297870e+00 1.281948e-02
1.298870e+00 8.003330e-03
1.299871e+00 1.720097e-02
1.300872e+00 2.316320e-02
1.301872e+00 1.355077e-02
1.302873e+00 3.744409e-02
1.303873e+00 1.910737e-02
1.304874e+00 1.113975e-02
1.305875e+00 6.042478e-03
1.306875e+00 1.834400e-02
1.307876e+00 1.033275e-02
1.308877e+00 2.036241e-02
1.309877e+00 9.465238e-03
1.310878e+00 1.743365e-02
1.311879e+00 -2.056617e-03
1.312879e+00 3.510788e-03
1.313880e+00 1.355607e-02
1.314881e+00 2.468597e-02
1.315881e+00 1.620015e-02
1.316882e+00 1.803038e-02
1.317883e+00 1.563653e-02
1.318883e+00 1.036448e-03
1.319884e+00 6.206423e-03
1.320884e+00 3.072285e-02
1.321885e+00 1.459061e-02
1.322886e+00 3.021217e-03
1.323886e+00 1.480378e-02
1.324887e+00 3.830079e-02
1.325888e+00 1.229806e-02
1.326888e+00 2.543536e-02
1.327889e+00 3.074345e-03
1.328890e+00 2.429940e-02
1.329890e+00 1.545244e-02
1.330891e+00 2.592544e-02
1.331892e+00 2.138772e-02
1.332892e+00 1.583785e-02
1.333893e+00 2.095849e-02
1.334893e+00 1.891857e-02
1.335894e+00 1.866651e-02
1.336895e+00 -1.503730e-03
1.337895e+00 2.454229e-02
1.338896e+00 6.675408e-03
1.339897e+00 8.771781e-03
1.340897e+00 1.479515e-02
1.341898e+00 2.355325e-02
1.342899e+00 1.466397e-02
1.343899e+00 2.478558e-02
1.344900e+00 7.732123e-03
1.345901e+00 1.759861e-02
1.346901e+00 9.990447e-03
1.347902e+00 1.853507e-02
1.348903e+00 3.082820e-02
1.349903e+00 3.836050e-03
1.350904e+00 1.880769e-02
1.351904e+00 1.961208e-02
1.352905e+00 1.297240e-02
1.353906e+00 2.607290e-02
1.354906e+00 1.862672e-03
1.355907e+00 5.868455e-03
1.356908e+00 1.339399e-02
1.357908e+00 1.784898e-02
1.358909e+00 1.245962e-02
1.359910e+00 1.758421e-02
1.360910e+00 2.644946e-02
1.361911e+00 -3.103695e-03
1.362912e+00 7.294094e-03
1.363912e+00 1.147369e-02
1.364913e+00 2.711355e-02
1.365913e+00 7.338407e-03
1.366914e+00 4.939886e-03
1.367915e+00 -1.034952e-03
1.368915e+00 1.041537e-02
1.369916e+00 1.938099e-02
1.370917e+00 -1.465133e-02
1.371917e+00 1.920691e-03
1.372918e+00 5.690776e-03
1.373919e+00 1.023880e-02
1.374919e+00 9.994629e-03
1.375920e+00 -1.485184e-02
1.376921e+00 1.828965e-02
1.377921e+00 7.378088e-03
1.378922e+00 -3.667211e-03
1.379923e+00 1.209284e-02
1.380923e+00 1.415471e-02
1.381924e+00 3.518952e-03
1.382924e+00 3.063026e-02
1.383925e+00 1.059280e-02
1.384926e+00 7.614226e-03
1.385926e+00 2.869672e-02
1.386927e+00 -3.150755e-03
1.387928e+00 4.676822e-03
1.388928e+00 3.923224e-03
1.389929e+00 9.224268e-03
1.390930e+00 3.510285e-02
1.391930e+00 7.900011e-04
1.392931e+00 8.690135e-03
1.393932e+00 -5.118752e-03
1.394932e+00 3.326480e-02
1.395933e+00 8.684300e-03
1.396934e+00 1.863599e-02
1.397934e+00 1.352342e-02
1.398935e+00 3.621518e-02
1.399935e+00 1.812628e-02
1.400936e+00 -8.742088e-03
1.401937e+00 1.648011e-02
1.402937e+00 1.540185e-02
1.403938e+00 -2.412901e-03
1.404939e+00 1.302203e-02
1.405939e+00 1.053223e-02
1.406940e+00 2.212641e-02
1.407941e+00 1.262656e-02
1.408941e+00 2.667722e-02
1.409942e+00 2.142497e-02
1.410943e+00 2.398028e-02
1.411943e+00 -5.843243e-03
1.412944e+00 2.592796e-02
1.413944e+00 -7.588435e-03
1.414945e+00 4.891551e-03
1.415946e+00 1.177205e-02
1.416946e+00 1.577625e-02
1.417947e+00 2.271608e-02
1.418948e+00 -4.779082e-03
1.419948e+00 2.152952e-02
1.420949e+00 2.344687e-02
1.421950e+00 1.656605e-02
1.422950e+00 7.724707e-03
1.423951e+00 -7.638289e-03
1.424952e+00 2.432105e-02
1.425952e+00 1.831932e-02
1.426953e+00 1.984086e-03
1.427954e+00 1.629217e-02
1.428954e+00 -1.316801e-02
1.429955e+00 2.388353e-02
1.430955e+00 2.551021e-02
1.431956e+00 2.546407e-02
1.432957e+00 1.086044e-02
1.433957e+00 1.222689e-02
1.434958e+00 1.562986e-02
1.435959e+00 2.645281e-02
1.436959e+00 1.057183e-02
1.437960e+00 3.010204e-02
1.438961e+00 -4.233914e-03
1.439961e+00 1.202789e-02
1.440962e+00 4.871998e-04
1.441963e+00 2.089323e-02
1.442963e+00 2.764877e-03
1.443964e+00 2.312966e-02
1.444964e+00 2.069771e-02
1.445965e+00 3.300575e-03
1.446966e+00 1.957534e-02
1.447966e+00 1.762414e-02
1.448967e+00 1.365507e-02
1.449968e+00 2.378791e-02
1.450968e+00 1.846838e-02
1.451969e+00 -2.573312e-03
1.452970e+00 2.171036e-02
1.453970e+00 5.449476e-03
1.454971e+00 8.570407e-03
1.455972e+00 4.393581e-03
1.456972e+00 1.142266e-02
1.457973e+00 6.713573e-03
1.458974e+00 2.384585e-02
1.459974e+00 6.164114e-03
1.460975e+00 6.083139e-05
1.461975e+00 2.499213e-02
1.462976e+00 2.231400e-02
1.463977e+00 3.852436e-03
1.464977e+00 3.572025e-03
1.465978e+00 1.099894e-03
1.466979e+00 4.721812e-03
1.467979e+00 2.442994e-02
1.468980e+00 2.659545e-02
1.469981e+00 5.473596e-03
1.470981e+00 1.618546e-02
1.471982e+00 4.108740e-03
1.472983e+00 2.098443e-02
1.473983e+00 7.341615e-03
1.474984e+00 1.580923e-02
1.475985e+00 6.320215e-03
1.476985e+00 2.049343e-02
1.477986e+00 2.374612e-02
1.478986e+00 1.778961e-02
1.479987e+00 -8.972319e-04
1.480988e+00 1.766957e-02
1.481988e+00 1.359260e-02
1.482989e+00 2.220869e-02
1.483990e+00 4.290345e-03
1.484990e+00 -1.047666e-02
1.485991e+00 7.138349e-03
1.486992e+00 1.353581e-02
1.487992e+00 -1.200648e-02
1.488993e+00 2.381045e-02
1.489994e+00 4.211904e-04
1.490994e+00 1.259915e-02
1.491995e+00 8.448496e-03
1.492995e+00 8.518727e-03
1.493996e+00 -1.036374e-02
1.494997e+00 1.247972e-02
1.495997e+00 -3.177973e-03
1.496998e+00 4.584185e-05
1.497999e+00 1.625976e-02
1.498999e+00 1.671897e-02
1.500000e+00 -1.351789e-04
1.501000e+00 -3.857519e-03
1.502001e+00 1.723195e-02
1.503001e+00 -2.141029e-02
1.504002e+00 -1.160009e-02
1.505003e+00 -1.475826e-02
1.506003e+00 1.292309e-02
1.507004e+00 -8.573551e-03
1.508005e+00 -8.421324e-03
1.509005e+00 5.637333e-03
1.510006e+00 -1.881673e-02
1.511006e+00 1.798726e-02
1.512007e+00 9.084777e-03
1.513008e+00 6.023995e-04
1.514008e+00 -3.734777e-03
1.515009e+00 7.793307e-03
1.516010e+00 1.514340e-03
1.517010e+00 9.111560e-04
1.518011e+00 6.412455e-03
1.519012e+00 -3.062805e-03
1.520012e+00 -6.977170e-03
1.521013e+00 1.372067e-02
1.522014e+00 -5.555565e-03
1.523014e+00 -8.705766e-03
1.524015e+00 1.556131e-03
1.525015e+00 2.659685e-02
1.526016e+00 2.392175e-03
1.527017e+00 1.718841e-03
1.528017e+00 5.151053e-03
1.529018e+00 1.380951e-02
1.530019e+00 1.067947e-02
1.531019e+00 8.151405e-03
1.532020e+00 -7.113103e-03
1.533021e+00 5.305796e-03
1.534021e+00 -7.170162e-03
1.535022e+00 -1.597902e-02
1.536023e+00 -5.724122e-03
1.537023e+00 -2.864382e-03
1.538024e+00 5.847117e-03
1.539025e+00 7.326657e-03
1.540025e+00 7.757158e-03
1.541026e+00 -1.504825e-02
1.542026e+00 -1.067805e-02
1.543027e+00 -9.714031e-05
1.544028e+00 -1.306330e-03
1.545028e+00 -9.429001e-03
1.546029e+00 2.916000e-03
1.547030e+00 1.098712e-02
1.548030e+00 -9.929088e-03
1.549031e+00 3.335912e-04
1.550032e+00 8.990799e-03
1.551032e+00 -1.584105e-03
1.552033e+00 1.852631e-02
1.553034e+00 6.088352e-02
1.554034e+00 9.322027e-02
1.555035e+00 1.006546e-01
1.556036e+00 1.268893e-01
1.557036e+00 1.357287e-01
1.558037e+00 1.400518e-01
1.559037e+00 1.707664e-01
1.560038e+00 1.701148e-01
1.561039e+00 1.630045e-01
1.562039e+00 1.730210e-01
1.563040e+00 1.755040e-01
1.564041e+00 1.463005e-01
1.565041e+00 1.706058e-01
1.566042e+00 1.505021e-01
1.567043e+00 1.712055e-01
1.568043e+00 1.620605e-01
1.569044e+00 1.726148e-01
1.570045e+00 1.468371e-01
1.571045e+00 1.603389e-01
1.572046e+00 1.577985e-01
1.573046e+00 1.531731e-01
1.574047e+00 1.617476e-01
1.575048e+00 1.321231e-01
1.576048e+00 1.508490e-01
1.577049e+00 1.373329e-01
1.578050e+00 1.606192e-01
1.579050e+00 1.540936e-01
1.580051e+00 1.424909e-01
1.581052e+00 1.511828e-01
1.582052e+00 1.263807e-01
1.583053e+00 1.241282e-01
1.584054e+00 1.410956e-01
1.585054e+00 1.341854e-01
1.586055e+00 1.270988e-01
1.587056e+00 1.245784e-01
1.588056e+00 1.200467e-01
1.589057e+00 1.340832e-01
1.590057e+00 1.448022e-01
1.591058e+00 1.292300e-01
1.592059e+00 1.543382e-01
1.593059e+00 1.590164e-01
1.594060e+00 2.154148e-01
1.595061e+00 2.268161e-01
1.596061e+00 2.603675e-01
1.597062e+00 2.626742e-01
1.598063e+00 2.862425e-01
1.599063e+00 3.061136e-01
1.600064e+00 3.064252e-01
1.601065e+00 3.064362e-01
1.602065e+00 3.074392e-01
1.603066e+00 2.951900e-01
1.604066e+00 3.074761e-01
1.605067e+00 2.980319e-01
1.606068e+00 3.071251e-01
1.607068e+00 2.969401e-01
1.608069e+00 2.886655e-01
1.609070e+00 2.867837e-01
1.610070e+00 3.001882e-01
1.611071e+00 2.785048e-01
1.612072e+00 2.851190e-01
1.613072e+00 2.768300e-01
1.614073e+00 2.673622e-01
1.615074e+00 2.796772e-01
1.616074e+00 2.681753e-01
1.617075e+00 2.646224e-01
1.618076e+00 2.483548e-01
1.619076e+00 3.052026e-01
1.620077e+00 3.084139e-01
1.621077e+00 3.452809e-01
1.622078e+00 3.745684e-01
1.623079e+00 4.049914e-01
1.624079e+00 4.185667e-01
1.625080e+00 4.390947e-01
1.626081e+00 4.269889e-01
1.627081e+00 4.148085e-01
1.628082e+00 4.427097e-01
1.629083e+00 4.541732e-01
1.630083e+00 4.277559e-01
1.631084e+00 4.368427e-01
1.632085e+00 4.346752e-01
1.633085e+00 4.418702e-01
1.634086e+00 4.195270e-01
1.635087e+00 4.180339e-01
1.636087e+00 4.227416e-01
1.637088e+00 4.291726e-01
1.638088e+00 4.100042e-01
1.639089e+00 4.049515e-01
1.640090e+00 4.057332e-01
1.641090e+00 4.089840e-01
1.642091e+00 4.112298e-01
1.643092e+00 3.893654e-01
1.644092e+00 3.929802e-01
1.645093e+00 3.991954e-01
1.646094e+00 3.986449e-01
1.647094e+00 3.783674e-01
1.648095e+00 3.711039e-01
1.649096e+00 3.839368e-01
1.650096e+00 3.865465e-01
1.651097e+00 3.764229e-01
1.652097e+00 3.551933e-01
1.653098e+00 3.610705e-01
1.654099e+00 3.648500e-01
1.655099e+00 3.579891e-01
1.656100e+00 3.593510e-01
1.657101e+00 3.495347e-01
1.658101e+00 3.531603e-01
1.659102e+00 3.452619e-01
1.660103e+00 3.605228e-01
1.661103e+00 3.494288e-01
1.662104e+00 3.339749e-01
1.663105e+00 3.470945e-01
1.664105e+00 3.481095e-01
1.665106e+00 3.285893e-01
1.666107e+00 3.115883e-01
1.667107e+00 3.109155e-01
1.668108e+00 3.244161e-01
1.669108e+00 3.062147e-01
1.670109e+00 3.246475e-01
1.671110e+00 3.274675e-01
1.672110e+00 3.334973e-01
1.673111e+00 3.096931e-01
1.674112e+00 3.135648e-01
1.675112e+00 3.126997e-01
1.676113e+00 3.087242e-01
1.677114e+00 3.018711e-01
1.678114e+00 2.951603e-01
1.679115e+00 3.023384e-01
1.680116e+00 2.988022e-01
1.681116e+00 3.011718e-01
1.682117e+00 3.002955e-01
1.683117e+00 2.761604e-01
1.684118e+00 2.793214e-01
1.685119e+00 2.748376e-01
1.686119e+00 2.820276e-01
1.687120e+00 2.925258e-01
1.688121e+00 2.936888e-01
1.689121e+00 2.662053e-01
1.690122e+00 2.847001e-01
1.691123e+00 2.756467e-01
1.692123e+00 2.858618e-01
1.693124e+00 2.669095e-01
1.694125e+00 2.687872e-01
1.695125e+00 2.659937e-01
1.696126e+00 2.521569e-01
1.697127e+00 2.398562e-01
1.698127e+00 2.502604e-01
1.699128e+00 2.658574e-01
1.700128e+00 2.563510e-01
1.701129e+00 2.589108e-01
1.702130e+00 2.560998e-01
1.703130e+00 3.020930e-01
1.704131e+00 3.210455e-01
1.705132e+00 3.636076e-01
1.706132e+00 3.895668e-01
1.707133e+00 4.016309e-01
1.708134e+00 4.252394e-01
1.709134e+00 4.147920e-01
1.710135e+00 4.449107e-01
1.711136e+00 4.365079e-01
1.712136e+00 4.298568e-01
1.713137e+00 4.258235e-01
1.714138e+00 4.429054e-01
1.715138e+00 4.267415e-01
1.716139e+00 4.336845e-01
1.717139e+00 4.114862e-01
1.718140e+00 4.198975e-01
1.719141e+00 4.335984e-01
1.720141e+00 4.804988e-01
1.721142e+00 5.109914e-01
1.722143e+00 5.378958e-01
1.723143e+00 5.535287e-01
1.724144e+00 5.843318e-01
1.725145e+00 5.911105e-01
1.726145e+00 5.894808e-01
1.727146e+00 5.780109e-01
1.728147e+00 6.219617e-01
1.729147e+00 6.028581e-01
1.730148e+00 5.934880e-01
1.731148e+00 5.996146e-01
1.732149e+00 5.803994e-01
1.733150e+00 6.102387e-01
1.734150e+00 5.990717e-01
1.735151e+00 5.807766e-01
1.736152e+00 5.663703e-01
1.737152e+00 5.719098e-01
1.738153e+00 5.519227e-01
1.739154e+00 5.855946e-01
1.740154e+00 6.192395e-01
1.741155e+00 6.693459e-01
1.742156e+00 6.787784e-01
1.743156e+00 6.994317e-01
1.744157e+00 7.231230e-01
1.745158e+00 7.324340e-01
1.746158e+00 7.285274e-01
1.747159e+00 7.477122e-01
1.748159e+00 7.407722e-01
1.749160e+00 7.254030e-01
1.750161e+00 7.361005e-01
1.751161e+00 7.459443e-01
1.752162e+00 7.206400e-01
1.753163e+00 7.190576e-01
1.754163e+00 7.300223e-01
1.755164e+00 7.322665e-01
1.756165e+00 7.306698e-01
1.757165e+00 7.202765e-01
1.758166e+00 7.256123e-01
1.759167e+00 7.700965e-01
1.760167e+00 8.008990e-01
1.761168e+00 8.404854e-01
1.762168e+00 8.534344e-01
1.763169e+00 8.821381e-01
1.764170e+00 8.771738e-01
1.765170e+00 9.051134e-01
1.766171e+00 8.859534e-01
1.767172e+00 8.983296e-01
1.768172e+00 8.800264e-01
1.769173e+00 8.879013e-01
1.770174e+00 8.891628e-01
1.771174e+00 8.708891e-01
1.772175e+00 8.648068e-01
1.773176e+00 8.748795e-01
1.774176e+00 8.542568e-01
1.775177e+00 8.919636e-01
1.776178e+00 8.659880e-01
1.777178e+00 8.508277e-01
1.778179e+00 8.454203e-01
1.779179e+00 8.490318e-01
1.780180e+00 8.500904e-01
1.781181e+00 8.442579e-01
1.782181e+00 8.216053e-01
1.783182e+00 8.427626e-01
1.784183e+00 7.987629e-01
1.785183e+00 8.026009e-01
1.786184e+00 8.160912e-01
1.787185e+00 8.064858e-01
1.788185e+00 8.022974e-01
1.789186e+00 8.086953e-01
1.790187e+00 8.096286e-01
1.791187e+00 7.887262e-01
1.792188e+00 7.856376e-01
1.793189e+00 7.828055e-01
1.794189e+00 7.830525e-01
1.795190e+00 7.711838e-01
1.796190e+00 7.636958e-01
1.797191e+00 7.659007e-01
1.798192e+00 7.505079e-01
1.799192e+00 7.470664e-01
1.800193e+00 7.568970e-01
1.801194e+00 7.546763e-01
1.802194e+00 7.656856e-01
1.803195e+00 7.274194e-01
1.804196e+00 7.490657e-01
1.805196e+00 7.417778e-01
1.806197e+00 7.263372e-01
1.807198e+00 7.315721e-01
1.808198e+00 7.027143e-01
1.809199e+00 7.263784e-01
1.810199e+00 7.205839e-01
1.811200e+00 7.176652e-01
1.812201e+00 7.089728e-01
1.813201e+00 7.202269e-01
1.814202e+00 7.034406e-01
1.815203e+00 6.833831e-01
1.816203e+00 7.097875e-01
1.817204e+00 6.952568e-01
1.818205e+00 7.025797e-01
1.819205e+00 6.728984e-01
1.820206e+00 6.844405e-01
1.821207e+00 6.954084e-01
1.822207e+00 6.948320e-01
1.823208e+00 6.789194e-01
1.824209e+00 6.769805e-01
1.825209e+00 6.524622e-01
1.826210e+00 6.635755e-01
1.827210e+00 6.572338e-01
1.828211e+00 6.567901e-01
1.829212e+00 6.538499e-01
1.830212e+00 6.416995e-01
1.831213e+00 6.387307e-01
1.832214e+00 6.330159e-01
1.833214e+00 6.249352e-01
1.834215e+00 6.353990e-01
1.835216e+00 6.326683e-01
1.836216e+00 6.210116e-01
1.837217e+00 6.225679e-01
1.838218e+00 6.169833e-01
1.839218e+00 6.103308e-01
1.840219e+00 6.157057e-01
1.841219e+00 5.937331e-01
1.842220e+00 5.956549e-01
1.843221e+00 6.096705e-01
1.844221e+00 5.954362e-01
1.845222e+00 6.030434e-01
1.846223e+00 5.927917e-01
1.847223e+00 6.049865e-01
1.848224e+00 6.052178e-01
1.849225e+00 6.100701e-01
1.850225e+00 5.865861e-01
1.851226e+00 5.838894e-01
1.852227e+00 5.823174e-01
1.853227e+00 5.665460e-01
1.854228e+00 5.921581e-01
1.855229e+00 5.629580e-01
1.856229e+00 5.611363e-01
1.857230e+00 5.693217e-01
1.858230e+00 5.586106e-01
1.859231e+00 5.611717e-01
1.860232e+00 5.421645e-01
1.861232e+00 5.648079e-01
1.862233e+00 5.687088e-01
1.863234e+00 5.481207e-01
1.864234e+00 5.581644e-01
1.865235e+00 5.440888e-01
1.866236e+00 5.408876e-01
1.867236e+00 5.246515e-01
1.868237e+00 5.384717e-01
1.869238e+00 5.345937e-01
1.870238e+00 5.294095e-01
1.871239e+00 5.330378e-01
1.872240e+00 5.241605e-01
1.873240e+00 5.176645e-01
1.874241e+00 5.215159e-01
1.875241e+00 5.208710e-01
1.876242e+00 5.271077e-01
1.877243e+00 5.094786e-01
1.878243e+00 5.180183e-01
1.879244e+00 5.053543e-01
1.880245e+00 5.104852e-01
1.881245e+00 4.968022e-01
1.882246e+00 4.972976e-01
1.883247e+00 5.193347e-01
1.884247e+00 5.011385e-01
1.885248e+00 4.984039e-01
1.886249e+00 4.995933e-01
1.887249e+00 5.001925e-01
1.888250e+00 4.790970e-01
1.889250e+00 4.950051e-01
1.890251e+00 4.903062e-01
1.891252e+00 5.040658e-01
1.892252e+00 4.896322e-01
1.893253e+00 4.656227e-01
1.894254e+00 4.595584e-01
1.895254e+00 4.930386e-01
1.896255e+00 4.650892e-01
1.897256e+00 4.611787e-01
1.898256e+00 4.664668e-01
1.899257e+00 4.633093e-01
1.900258e+00 4.783841e-01
1.901258e+00 4.521887e-01
1.902259e+00 4.533102e-01
1.903260e+00 4.635615e-01
1.904260e+00 4.565032e-01
1.905261e+00 4.585669e-01
1.906261e+00 4.469682e-01
1.907262e+00 4.455353e-01
1.908263e+00 4.575780e-01
1.909263e+00 4.409715e-01
1.910264e+00 4.474492e-01
1.911265e+00 4.266015e-01
1.912265e+00 4.401027e-01
1.913266e+00 4.455477e-01
1.914267e+00 4.352554e-01
1.915267e+00 4.359912e-01
1.916268e+00 4.318132e-01
1.917269e+00 4.367735e-01
1.918269e+00 4.130275e-01
1.919270e+00 4.372318e-01
1.920270e+00 4.331687e-01
1.921271e+00 4.291519e-01
1.922272e+00 4.691289e-01
1.923272e+00 5.208891e-01
1.924273e+00 5.401718e-01
1.925274e+00 5.765841e-01
1.926274e+00 5.951799e-01
1.927275e+00 6.137037e-01
1.928276e+00 5.873258e-01
1.929276e+00 6.246897e-01
1.930277e+00 6.281697e-01
1.931278e+00 6.254506e-01
1.932278e+00 6.367691e-01
1.933279e+00 6.321181e-01
1.934280e+00 6.219720e-01
1.935280e+00 6.113680e-01
1.936281e+00 6.196034e-01
1.937281e+00 6.044677e-01
1.938282e+00 6.043362e-01
1.939283e+00 5.959258e-01
1.940283e+00 6.021972e-01
1.941284e+00 6.072036e-01
1.942285e+00 5.947892e-01
1.943285e+00 6.064934e-01
1.944286e+00 6.064919e-01
1.945287e+00 5.961558e-01
1.946287e+00 6.124473e-01
1.947288e+00 5.969750e-01
1.948289e+00 5.945417e-01
1.949289e+00 5.754393e-01
1.950290e+00 5.846205e-01
1.951291e+00 5.854000e-01
1.952291e+00 5.874787e-01
1.953292e+00 5.773170e-01
1.954292e+00 5.659941e-01
1.955293e+00 5.733569e-01
1.956294e+00 5.554601e-01
1.957294e+00 5.736926e-01
1.958295e+00 5.511567e-01
1.959296e+00 5.505150e-01
1.960296e+00 5.708494e-01
1.961297e+00 5.530137e-01
1.962298e+00 5.406065e-01
1.963298e+00 5.546131e-01
1.964299e+00 5.543226e-01
1.965300e+00 5.490603e-01
1.966300e+00 5.484523e-01
1.967301e+00 5.309847e-01
1.968301e+00 5.594259e-01
1.969302e+00 6.234672e-01
1.970303e+00 6.475046e-01
1.971303e+00 6.638289e-01
1.972304e+00 7.005818e-01
1.973305e+00 7.226512e-01
1.974305e+00 7.244391e-01
1.975306e+00 7.346469e-01
1.976307e+00 7.394505e-01
1.977307e+00 7.561736e-01
1.978308e+00 7.492300e-01
1.979309e+00 7.485805e-01
1.980309e+00 7.279639e-01
1.981310e+00 7.398034e-01
1.982311e+00 7.226345e-01
1.983311e+00 7.344327e-01
1.984312e+00 7.457408e-01
1.985312e+00 7.871654e-01
1.986313e+00 8.278621e-01
1.987314e+00 8.958844e-01
1.988314e+00 8.915498e-01
1.989315e+00 8.995363e-01
1.990316e+00 9.320766e-01
1.991316e+00 9.230331e-01
1.992317e+00 9.285954e-01
1.993318e+00 9.208880e-01
1.994318e+00 9.183055e-01
1.995319e+00 9.032902e-01
1.996320e+00 9.256244e-01
1.997320e+00 9.207107e-01
1.998321e+00 9.407061e-01
1.999321e+00 9.203489e-01
2.000322e+00 9.284081e-01
2.001323e+00 9.297240e-01
2.002323e+00 9.172396e-01
2.003324e+00 9.113462e-01
2.004325e+00 9.053032e-01
2.005325e+00 9.011699e-01
2.006326e+00 8.966463e-01
2.007327e+00 8.774528e-01
2.008327e+00 8.990908e-01
2.009328e+00 8.879533e-01
2.010329e+00 8.729028e-01
2.011329e+00 8.883023e-01
2.012330e+00 8.884511e-01
2.013331e+00 8.584444e-01
2.014331e+00 8.845989e-01
2.015332e+00 9.440122e-01
2.016332e+00 9.851369e-01
2.017333e+00 9.877634e-01
2.018334e+00 1.034921e+00
2.019334e+00 1.044892e+00
2.020335e+00 1.070691e+00
2.021336e+00 1.087294e+00
2.022336e+00 1.072052e+00
2.023337e+00 1.060023e+00
2.024338e+00 1.081271e+00
2.025338e+00 1.043704e+00
2.026339e+00 1.071302e+00
2.027340e+00 1.084659e+00
2.028340e+00 1.044391e+00
2.029341e+00 1.079736e+00
2.030342e+00 1.055793e+00
2.031342e+00 1.055880e+00
2.032343e+00 1.026280e+00
2.033343e+00 1.038171e+00
2.034344e+00 1.047587e+00
2.035345e+00 1.033741e+00
2.036345e+00 1.012992e+00
2.037346e+00 1.034046e+00
2.038347e+00 1.021206e+00
2.039347e+00 1.035173e+00
2.040348e+00 1.023509e+00
2.041349e+00 9.983460e-01
2.042349e+00 9.922843e-01
2.043350e+00 1.006268e+00
2.044351e+00 1.031795e+00
2.045351e+00 1.011573e+00
2.046352e+00 1.007048e+00
2.047352e+00 9.898342e-01
2.048353e+00 9.687794e-01
2.049354e+00 9.827318e-01
2.050354e+00 9.722171e-01
2.051355e+00 1.003131e+00
2.052356e+00 9.787592e-01
2.053356e+00 9.762896e-01
2.054357e+00 9.663036e-01
2.055358e+00 9.690535e-01
2.056358e+00 9.652156e-01
2.057359e+00 9.721627e-01
2.058360e+00 9.537275e-01
2.059360e+00 9.456102e-01
2.060361e+00 9.516676e-01
2.061362e+00 9.626690e-01
2.062362e+00 9.452363e-01
2.063363e+00 9.440758e-01
2.064363e+00 9.273323e-01
2.065364e+00 9.399196e-01
2.066365e+00 9.321233e-01
2.067365e+00 9.163628e-01
2.068366e+00 9.088504e-01
2.069367e+00 9.289822e-01
2.070367e+00 9.193733e-01
2.071368e+00 9.088109e-01
2.072369e+00 9.076377e-01
2.073369e+00 9.183076e-01
2.074370e+00 8.899335e-01
2.075371e+00 8.952109e-01
2.076371e+00 9.042582e-01
2.077372e+00 9.113847e-01
2.078372e+00 8.926278e-01
2.079373e+00 8.901312e-01
2.080374e+00 8.835459e-01
2.081374e+00 8.802193e-01
2.082375e+00 8.739584e-01
2.083376e+00 8.650692e-01
2.084376e+00 8.770169e-01
2.085377e+00 8.699003e-01
2.086378e+00 8.573117e-01
2.087378e+00 8.824768e-01
2.088379e+00 8.754289e-01
2.089380e+00 8.668058e-01
2.090380e+00 8.431903e-01
2.091381e+00 8.582541e-01
2.092382e+00 8.465869e-01
2.093382e+00 8.466332e-01
2.094383e+00 8.605077e-01
2.095383e+00 8.391264e-01
2.096384e+00 8.355164e-01
2.097385e+00 8.403208e-01
2.098385e+00 8.154538e-01
2.099386e+00 8.163911e-01
2.100387e+00 8.196729e-01
2.101387e+00 8.157819e-01
2.102388e+00 8.266565e-01
2.103389e+00 8.090623e-01
2.104389e+00 8.157817e-01
2.105390e+00 8.047360e-01
2.106391e+00 7.974036e-01
2.107391e+00 8.020334e-01
2.108392e+00 8.270063e-01
2.109393e+00 8.128848e-01
2.110393e+00 7.889784e-01
2.111394e+00 8.155483e-01
2.112394e+00 7.930480e-01
2.113395e+00 8.072844e-01
2.114396e+00 7.825214e-01
2.115396e+00 7.718786e-01
2.116397e+00 7.890648e-01
2.117398e+00 7.712318e-01
2.118398e+00 7.810338e-01
2.119399e+00 7.806498e-01
2.120400e+00 7.624812e-01
2.121400e+00 7.475886e-01
2.122401e+00 7.565730e-01
2.123402e+00 7.694835e-01
2.124402e+00 7.450018e-01
2.125403e+00 7.723094e-01
2.126403e+00 7.574176e-01
2.127404e+00 7.606108e-01
2.128405e+00 7.772831e-01
2.129405e+00 8.222632e-01
2.130406e+00 8.566560e-01
2.131407e+00 8.811887e-01
2.132407e+00 9.128350e-01
2.133408e+00 9.576807e-01
2.134409e+00 9.535951e-01
2.135409e+00 9.645593e-01
2.136410e+00 9.559005e-01
2.137411e+00 9.457674e-01
2.138411e+00 9.615045e-01
2.139412e+00 9.569211e-01
2.140413e+00 9.786580e-01
2.141413e+00 9.499659e-01
2.142414e+00 9.555415e-01
2.143414e+00 9.534276e-01
2.144415e+00 9.550514e-01
2.145416e+00 9.435405e-01
2.146416e+00 9.391533e-01
2.147417e+00 9.268778e-01
2.148418e+00 9.193395e-01
2.149418e+00 9.551406e-01
2.150419e+00 9.458160e-01
2.151420e+00 9.237533e-01
2.152420e+00 9.240853e-01
2.153421e+00 9.202417e-01
2.154422e+00 9.402980e-01
2.155422e+00 9.252302e-01
2.156423e+00 9.338946e-01
2.157423e+00 9.079454e-01
2.158424e+00 9.244140e-01
2.159425e+00 8.897978e-01
2.160425e+00 8.873974e-01
2.161426e+00 8.962667e-01
2.162427e+00 8.930847e-01
2.163427e+00 8.981643e-01
2.164428e+00 8.901737e-01
2.165429e+00 8.933523e-01
2.166429e+00 8.747048e-01
2.167430e+00 8.799042e-01
2.168431e+00 8.942318e-01
2.169431e+00 8.718838e-01
2.170432e+00 8.874199e-01
2.171433e+00 8.802929e-01
2.172433e+00 8.781898e-01
2.173434e+00 8.539413e-01
2.174434e+00 8.643477e-01
2.175435e+00 8.626309e-01
2.176436e+00 8.512865e-01
2.177436e+00 8.494152e-01
2.178437e+00 8.484440e-01
2.179438e+00 8.600464e-01
2.180438e+00 8.436173e-01
2.181439e+00 8.424725e-01
2.182440e+00 8.620470e-01
2.183440e+00 8.680964e-01
2.184441e+00 8.538561e-01
2.185442e+00 8.364357e-01
2.186442e+00 8.736153e-01
2.187443e+00 8.856913e-01
2.188444e+00 9.491729e-01
2.189444e+00 9.887734e-01
2.190445e+00 1.015465e+00
2.191445e+00 1.016074e+00
2.192446e+00 1.034863e+00
2.193447e+00 1.062671e+00
2.194447e+00 1.036916e+00
2.195448e+00 1.065340e+00
2.196449e+00 1.073945e+00
2.197449e+00 1.120008e+00
2.198450e+00 1.150566e+00
2.199451e+00 1.190312e+00
2.200451e+00 1.207142e+00
2.201452e+00 1.218458e+00
2.202453e+00 1.241060e+00
2.203453e+00 1.246471e+00
2.204454e+00 1.248361e+00
2.205454e+00 1.248577e+00
2.206455e+00 1.258454e+00
2.207456e+00 1.264126e+00
2.208456e+00 1.245670e+00
2.209457e+00 1.249311e+00
2.210458e+00 1.247560e+00
2.211458e+00 1.244236e+00
2.212459e+00 1.250837e+00
2.213460e+00 1.242405e+00
2.214460e+00 1.232964e+00
2.215461e+00 1.220593e+00
2.216462e+00 1.224469e+00
2.217462e+00 1.229461e+00
2.218463e+00 1.208728e+00
2.219464e+00 1.230228e+00
2.220464e+00 1.208096e+00
2.221465e+00 1.198543e+00
2.222465e+00 1.207367e+00
2.223466e+00 1.207005e+00
2.224467e+00 1.201170e+00
2.225467e+00 1.206904e+00
2.226468e+00 1.193500e+00
2.227469e+00 1.186021e+00
2.228469e+00 1.186790e+00
2.229470e+00 1.168475e+00
2.230471e+00 1.181109e+00
2.231471e+00 1.169986e+00
2.232472e+00 1.172120e+00
2.233473e+00 1.173906e+00
2.234473e+00 1.181076e+00
2.235474e+00 1.151407e+00
2.236474e+00 1.176532e+00
2.237475e+00 1.154585e+00
2.238476e+00 1.146160e+00
2.239476e+00 1.162161e+00
2.240477e+00 1.168300e+00
2.241478e+00 1.136774e+00
2.242478e+00 1.153489e+00
2.243479e+00 1.139290e+00
2.244480e+00 1.138373e+00
2.245480e+00 1.124177e+00
2.246481e+00 1.128804e+00
2.247482e+00 1.137751e+00
2.248482e+00 1.124601e+00
2.249483e+00 1.129198e+00
2.250484e+00 1.110051e+00
2.251484e+00 1.115946e+00
2.252485e+00 1.114281e+00
2.253485e+00 1.098439e+00
2.254486e+00 1.101014e+00
2.255487e+00 1.080153e+00
2.256487e+00 1.111055e+00
2.257488e+00 1.083752e+00
2.258489e+00 1.086849e+00
2.259489e+00 1.080661e+00
2.260490e+00 1.103594e+00
2.261491e+00 1.086465e+00
2.262491e+00 1.076462e+00
2.263492e+00 1.063524e+00
2.264493e+00 1.068130e+00
2.265493e+00 1.079634e+00
2.266494e+00 1.085354e+00
2.267495e+00 1.132470e+00
2.268495e+00 1.167126e+00
2.269496e+00 1.194729e+00
2.270496e+00 1.228690e+00
2.271497e+00 1.260201e+00
2.272498e+00 1.275979e+00
2.273498e+00 1.267682e+00
2.274499e+00 1.268842e+00
2.275500e+00 1.277061e+00
2.276500e+00 1.270057e+00
2.277501e+00 1.271317e+00
2.278502e+00 1.252630e+00
2.279502e+00 1.242126e+00
2.280503e+00 1.263545e+00
2.281504e+00 1.244734e+00
2.282504e+00 1.253528e+00
2.283505e+00 1.249396e+00
2.284505e+00 1.255422e+00
2.285506e+00 1.234847e+00
2.286507e+00 1.232604e+00
2.287507e+00 1.245469e+00
2.288508e+00 1.240423e+00
2.289509e+00 1.227151e+00
2.290509e+00 1.226023e+00
2.291510e+00 1.224509e+00
2.292511e+00 1.241897e+00
2.293511e+00 1.218931e+00
2.294512e+00 1.233564e+00
2.295513e+00 1.289547e+00
2.296513e+00 1.320788e+00
2.297514e+00 1.361720e+00
2.298515e+00 1.376738e+00
2.299515e+00 1.400268e+00
2.300516e+00 1.411310e+00
2.301516e+00 1.420499e+00
2.302517e+00 1.435908e+00
2.303518e+00 1.410239e+00
2.304518e+00 1.428334e+00
2.305519e+00 1.422000e+00
2.306520e+00 1.426007e+00
2.307520e+00 1.407260e+00
2.308521e+00 1.432470e+00
2.309522e+00 1.419914e+00
2.310522e+00 1.418584e+00
2.311523e+00 1.402301e+00
2.312524e+00 1.401563e+00
2.313524e+00 1.399775e+00
2.314525e+00 1.383043e+00
2.315526e+00 1.377620e+00
2.316526e+00 1.376699e+00
2.317527e+00 1.401848e+00
2.318527e+00 1.356149e+00
2.319528e+00 1.374417e+00
2.320529e+00 1.364942e+00
2.321529e+00 1.372762e+00
2.322530e+00 1.365607e+00
2.323531e+00 1.350151e+00
2.324531e+00 1.356930e+00
2.325532e+00 1.363287e+00
2.326533e+00 1.351259e+00
2.327533e+00 1.354481e+00
2.328534e+00 1.346435e+00
2.329535e+00 1.338591e+00
2.330535e+00 1.323723e+00
2.331536e+00 1.343753e+00
2.332536e+00 1.329743e+00
2.333537e+00 1.336459e+00
2.334538e+00 1.311533e+00
2.335538e+00 1.301117e+00
2.336539e+00 1.322371e+00
2.337540e+00 1.322771e+00
2.338540e+00 1.310371e+00
2.339541e+00 1.300600e+00
2.340542e+00 1.300342e+00
2.341542e+00 1.292503e+00
2.342543e+00 1.279540e+00
2.343544e+00 1.295572e+00
2.344544e+00 1.289138e+00
2.345545e+00 1.270404e+00
2.346546e+00 1.272847e+00
2.347546e+00 1.279505e+00
2.348547e+00 1.268523e+00
2.349547e+00 1.279051e+00
2.350548e+00 1.280551e+00
2.351549e+00 1.261034e+00
2.352549e+00 1.273414e+00
2.353550e+00 1.253220e+00
2.354551e+00 1.245571e+00
2.355551e+00 1.252523e+00
2.356552e+00 1.254644e+00
2.357553e+00 1.240779e+00
2.358553e+00 1.245553e+00
2.359554e+00 1.237089e+00
2.360555e+00 1.228662e+00
2.361555e+00 1.225568e+00
2.362556e+00 1.248727e+00
2.363556e+00 1.237941e+00
2.364557e+00 1.225302e+00
2.365558e+00 1.228293e+00
2.366558e+00 1.215195e+00
2.367559e+00 1.201555e+00
2.368560e+00 1.207111e+00
2.369560e+00 1.202333e+00
2.370561e+00 1.187824e+00
2.371562e+00 1.206080e+00
2.372562e+00 1.194231e+00
2.373563e+00 1.184115e+00
2.374564e+00 1.187720e+00
2.375564e+00 1.204272e+00
2.376565e+00 1.180997e+00
2.377566e+00 1.184384e+00
2.378566e+00 1.173251e+00
2.379567e+00 1.181973e+00
2.380567e+00 1.161326e+00
2.381568e+00 1.175748e+00
2.382569e+00 1.166605e+00
2.383569e+00 1.161135e+00
2.384570e+00 1.149555e+00
2.385571e+00 1.165357e+00
2.386571e+00 1.155281e+00
2.387572e+00 1.158920e+00
2.388573e+00 1.145773e+00
2.389573e+00 1.141432e+00
2.390574e+00 1.137534e+00
2.391575e+00 1.157235e+00
2.392575e+00 1.133646e+00
2.393576e+00 1.134368e+00
2.394577e+00 1.118858e+00
2.395577e+00 1.106357e+00
2.396578e+00 1.114680e+00
2.397578e+00 1.125142e+00
2.398579e+00 1.134121e+00
2.399580e+00 1.111996e+00
2.400580e+00 1.103477e+00
2.401581e+00 1.107340e+00
2.402582e+00 1.101540e+00
2.403582e+00 1.104722e+00
2.404583e+00 1.106506e+00
2.405584e+00 1.086974e+00
2.406584e+00 1.104595e+00
2.407585e+00 1.093382e+00
2.408586e+00 1.089408e+00
2.409586e+00 1.092332e+00
2.410587e+00 1.087408e+00
2.411587e+00 1.080169e+00
2.412588e+00 1.065758e+00
2.413589e+00 1.078631e+00
2.414589e+00 1.082099e+00
2.415590e+00 1.133408e+00
2.416591e+00 1.184079e+00
2.417591e+00 1.204299e+00
2.418592e+00 1.254986e+00
2.419593e+00 1.255093e+00
2.420593e+00 1.270495e+00
2.421594e+00 1.275826e+00
2.422595e+00 1.273032e+00
2.423595e+00 1.290780e+00
2.424596e+00 1.291486e+00
2.425597e+00 1.275265e+00
2.426597e+00 1.270646e+00
2.427598e+00 1.278075e+00
2.428598e+00 1.271987e+00
2.429599e+00 1.270348e+00
2.430600e+00 1.276068e+00
2.431600e+00 1.256992e+00
2.432601e+00 1.255151e+00
2.433602e+00 1.266176e+00
2.434602e+00 1.268621e+00
2.435603e+00 1.254081e+00
2.436604e+00 1.239250e+00
2.437604e+00 1.261329e+00
2.438605e+00 1.240563e+00
2.439606e+00 1.255374e+00
2.440606e+00 1.315652e+00
2.441607e+00 1.348505e+00
2.442607e+00 1.397473e+00
2.443608e+00 1.398901e+00
2.444609e+00 1.420527e+00
2.445609e+00 1.424748e+00
2.446610e+00 1.432959e+00
2.447611e+00 1.454702e+00
2.448611e+00 1.455651e+00
2.449612e+00 1.454876e+00
2.450613e+00 1.459695e+00
2.451613e+00 1.439543e+00
2.452614e+00 1.438217e+00
2.453615e+00 1.443404e+00
2.454615e+00 1.428567e+00
2.455616e+00 1.429651e+00
2.456617e+00 1.430668e+00
2.457617e+00 1.425709e+00
2.458618e+00 1.443700e+00
2.459618e+00 1.421470e+00
2.460619e+00 1.412307e+00
2.461620e+00 1.405810e+00
2.462620e+00 1.431608e+00
2.463621e+00 1.400222e+00
2.464622e+00 1.401541e+00
2.465622e+00 1.399720e+00
2.466623e+00 1.398614e+00
2.467624e+00 1.406256e+00
2.468624e+00 1.372892e+00
2.469625e+00 1.380282e+00
2.470626e+00 1.381765e+00
2.471626e+00 1.363537e+00
2.472627e+00 1.370350e+00
2.473628e+00 1.376729e+00
2.474628e+00 1.376164e+00
2.475629e+00 1.375339e+00
2.476629e+00 1.365934e+00
2.477630e+00 1.357008e+00
2.478631e+00 1.371751e+00
2.479631e+00 1.370351e+00
2.480632e+00 1.324243e+00
2.481633e+00 1.346176e+00
2.482633e+00 1.343694e+00
2.483634e+00 1.339530e+00
2.484635e+00 1.330112e+00
2.485635e+00 1.326101e+00
2.486636e+00 1.312491e+00
2.487637e+00 1.334814e+00
2.488637e+00 1.343088e+00
2.489638e+00 1.328304e+00
2.490638e+00 1.329018e+00
2.491639e+00 1.320238e+00
2.492640e+00 1.327230e+00
2.493640e+00 1.316272e+00
2.494641e+00 1.308253e+00
2.495642e+00 1.311943e+00
2.496642e+00 1.276388e+00
2.497643e+00 1.297006e+00
2.498644e+00 1.314277e+00
2.499644e+00 1.309830e+00
2.500645e+00 1.280109e+00
2.501646e+00 1.286278e+00
2.502646e+00 1.285162e+00
2.503647e+00 1.254840e+00
2.504648e+00 1.259671e+00
2.505648e+00 1.289673e+00
2.506649e+00 1.274459e+00
2.507649e+00 1.256285e+00
2.508650e+00 1.252155e+00
2.509651e+00 1.264782e+00
2.510651e+00 1.250801e+00
2.511652e+00 1.265137e+00
2.512653e+00 1.247243e+00
2.513653e+00 1.260460e+00
2.514654e+00 1.314193e+00
2.515655e+00 1.354763e+00
2.516655e+00 1.391840e+00
2.517656e+00 1.416756e+00
2.518657e+00 1.432399e+00
2.519657e+00 1.436572e+00
2.520658e+00 1.446958e+00
2.521658e+00 1.466292e+00
2.522659e+00 1.471033e+00
2.523660e+00 1.464490e+00
2.524660e+00 1.435787e+00
2.525661e+00 1.440739e+00
2.526662e+00 1.468228e+00
2.527662e+00 1.453537e+00
2.528663e+00 1.451778e+00
2.529664e+00 1.456943e+00
2.530664e+00 1.443610e+00
2.531665e+00 1.435015e+00
2.532666e+00 1.429289e+00
2.533666e+00 1.436485e+00
2.534667e+00 1.421695e+00
2.535668e+00 1.416210e+00
2.536668e+00 1.425234e+00
2.537669e+00 1.410949e+00
2.538669e+00 1.414905e+00
2.539670e+00 1.415305e+00
2.540671e+00 1.415589e+00
2.541671e+00 1.402759e+00
2.542672e+00 1.411580e+00
2.543673e+00 1.402820e+00
2.544673e+00 1.400888e+00
2.545674e+00 1.389004e+00
2.546675e+00 1.378517e+00
2.547675e+00 1.391184e+00
2.548676e+00 1.380330e+00
2.549677e+00 1.408574e+00
2.550677e+00 1.445144e+00
2.551678e+00 1.483785e+00
2.552679e+00 1.507576e+00
2.553679e+00 1.526712e+00
2.554680e+00 1.568893e+00
2.555680e+00 1.565868e+00
2.556681e+00 1.576773e+00
2.557682e+00 1.586839e+00
2.558682e+00 1.581447e+00
2.559683e+00 1.579025e+00
2.560684e+00 1.597463e+00
2.561684e+00 1.573223e+00
2.562685e+00 1.579730e+00
2.563686e+00 1.576512e+00
2.564686e+00 1.555577e+00
2.565687e+00 1.568745e+00
2.566688e+00 1.555156e+00
2.567688e+00 1.565673e+00
2.568689e+00 1.552205e+00
2.569689e+00 1.542554e+00
2.570690e+00 1.568824e+00
2.571691e+00 1.529578e+00
2.572691e+00 1.543689e+00
2.573692e+00 1.548798e+00
2.574693e+00 1.531222e+00
2.575693e+00 1.541146e+00
2.576694e+00 1.541072e+00
2.577695e+00 1.539648e+00
2.578695e+00 1.515679e+00
2.579696e+00 1.536165e+00
2.580697e+00 1.513717e+00
2.581697e+00 1.530939e+00
2.582698e+00 1.491591e+00
2.583699e+00 1.507814e+00
2.584699e+00 1.492351e+00
2.585700e+00 1.516363e+00
2.586700e+00 1.499460e+00
2.587701e+00 1.494566e+00
2.588702e+00 1.482284e+00
2.589702e+00 1.470945e+00
2.590703e+00 1.478363e+00
2.591704e+00 1.476530e+00
2.592704e+00 1.480594e+00
2.593705e+00 1.457531e+00
2.594706e+00 1.478431e+00
2.595706e+00 1.464456e+00
2.596707e+00 1.467630e+00
2.597708e+00 1.438338e+00
2.598708e+00 1.461734e+00
2.599709e+00 1.446947e+00
2.600709e+00 1.457758e+00
2.601710e+00 1.417942e+00
2.602711e+00 1.437177e+00
2.603711e+00 1.440053e+00
2.604712e+00 1.429077e+00
2.605713e+00 1.427219e+00
2.606713e+00 1.417375e+00
2.607714e+00 1.425663e+00
2.608715e+00 1.411810e+00
2.609715e+00 1.410857e+00
2.610716e+00 1.436640e+00
2.611717e+00 1.390099e+00
2.612717e+00 1.413436e+00
2.613718e+00 1.403524e+00
2.614719e+00 1.409230e+00
2.615719e+00 1.395883e+00
2.616720e+00 1.400728e+00
2.617720e+00 1.391479e+00
2.618721e+00 1.376738e+00
2.619722e+00 1.383437e+00
2.620722e+00 1.381215e+00
2.621723e+00 1.392805e+00
2.622724e+00 1.363756e+00
2.623724e+00 1.359145e+00
2.624725e+00 1.373029e+00
2.625726e+00 1.361907e+00
2.626726e+00 1.361227e+00
2.627727e+00 1.358295e+00
2.628728e+00 1.351222e+00
2.629728e+00 1.343768e+00
2.630729e+00 1.358501e+00
2.631730e+00 1.319940e+00
2.632730e+00 1.343665e+00
2.633731e+00 1.341968e+00
2.634731e+00 1.310304e+00
2.635732e+00 1.325796e+00
2.636733e+00 1.334975e+00
2.637733e+00 1.318367e+00
2.638734e+00 1.311251e+00
2.639735e+00 1.321406e+00
2.640735e+00 1.289413e+00
2.641736e+00 1.291897e+00
2.642737e+00 1.290467e+00
2.643737e+00 1.308049e+00
2.644738e+00 1.314142e+00
2.645739e+00 1.283268e+00
2.646739e+00 1.290233e+00
2.647740e+00 1.296199e+00
2.648740e+00 1.276910e+00
2.649741e+00 1.305956e+00
2.650742e+00 1.279223e+00
2.651742e+00 1.280377e+00
2.652743e+00 1.281914e+00
2.653744e+00 1.273987e+00
2.654744e+00 1.264116e+00
2.655745e+00 1.268929e+00
2.656746e+00 1.246113e+00
2.657746e+00 1.246732e+00
2.658747e+00 1.261980e+00
2.659748e+00 1.256875e+00
2.660748e+00 1.247746e+00
2.661749e+00 1.257172e+00
2.662750e+00 1.260736e+00
2.663750e+00 1.247513e+00
2.664751e+00 1.232515e+00
2.665751e+00 1.246511e+00
2.666752e+00 1.251700e+00
2.667753e+00 1.218121e+00
2.668753e+00 1.226039e+00
2.669754e+00 1.229331e+00
2.670755e+00 1.217447e+00
2.671755e+00 1.220599e+00
2.672756e+00 1.214926e+00
2.673757e+00 1.217619e+00
2.674757e+00 1.201154e+00
2.675758e+00 1.225160e+00
2.676759e+00 1.191987e+00
2.677759e+00 1.200523e+00
2.678760e+00 1.194925e+00
2.679760e+00 1.194235e+00
2.680761e+00 1.191793e+00
2.681762e+00 1.190301e+00
2.682762e+00 1.206749e+00
2.683763e+00 1.179055e+00
2.684764e+00 1.179582e+00
2.685764e+00 1.173936e+00
2.686765e+00 1.168856e+00
2.687766e+00 1.181228e+00
2.688766e+00 1.170910e+00
2.689767e+00 1.156159e+00
2.690768e+00 1.151955e+00
2.691768e+00 1.161671e+00
2.692769e+00 1.178589e+00
2.693770e+00 1.149832e+00
2.694770e+00 1.149948e+00
2.695771e+00 1.150358e+00
2.696771e+00 1.163294e+00
2.697772e+00 1.155129e+00
2.698773e+00 1.149630e+00
2.699773e+00 1.130524e+00
2.700774e+00 1.133999e+00
2.701775e+00 1.138692e+00
2.702775e+00 1.121569e+00
2.703776e+00 1.115705e+00
2.704777e+00 1.125209e+00
2.705777e+00 1.109040e+00
2.706778e+00 1.124122e+00
2.707779e+00 1.131918e+00
2.708779e+00 1.121958e+00
2.709780e+00 1.131005e+00
2.710781e+00 1.107398e+00
2.711781e+00 1.098167e+00
2.712782e+00 1.110705e+00
2.713782e+00 1.107133e+00
2.714783e+00 1.087673e+00
2.715784e+00 1.097885e+00
2.716784e+00 1.108829e+00
2.717785e+00 1.108034e+00
2.718786e+00 1.098633e+00
2.719786e+00 1.095270e+00
2.720787e+00 1.098534e+00
2.721788e+00 1.089576e+00
2.722788e+00 1.095454e+00
2.723789e+00 1.077408e+00
2.724790e+00 1.083015e+00
2.725790e+00 1.079107e+00
2.726791e+00 1.082328e+00
2.727791e+00 1.086402e+00
2.728792e+00 1.072847e+00
2.729793e+00 1.059126e+00
2.730793e+00 1.057915e+00
2.731794e+00 1.066815e+00
2.732795e+00 1.060294e+00
2.733795e+00 1.039659e+00
2.734796e+00 1.055517e+00
2.735797e+00 1.054842e+00
2.736797e+00 1.050585e+00
2.737798e+00 1.053440e+00
2.738799e+00 1.049132e+00
2.739799e+00 1.041059e+00
2.740800e+00 1.045650e+00
2.741801e+00 1.022534e+00
2.742801e+00 1.021929e+00
2.743802e+00 1.037392e+00
2.744802e+00 1.017837e+00
2.745803e+00 1.043582e+00
2.746804e+00 1.030921e+00
2.747804e+00 1.024177e+00
2.748805e+00 1.032586e+00
2.749806e+00 1.020213e+00
2.750806e+00 1.035839e+00
2.751807e+00 1.020079e+00
2.752808e+00 1.004332e+00
2.753808e+00 1.000672e+00
2.754809e+00 9.960499e-01
2.755810e+00 1.014944e+00
2.756810e+00 9.976679e-01
2.757811e+00 1.012463e+00
2.758811e+00 1.003313e+00
2.759812e+00 9.969248e-01
2.760813e+00 9.958912e-01
2.761813e+00 9.931647e-01
2.762814e+00 9.709015e-01
2.763815e+00 9.982783e-01
2.764815e+00 9.811968e-01
2.765816e+00 9.870635e-01
2.766817e+00 9.643555e-01
2.767817e+00 9.755810e-01
2.768818e+00 9.719901e-01
2.769819e+00 9.575845e-01
2.770819e+00 9.683662e-01
2.771820e+00 9.565634e-01
2.772821e+00 9.799905e-01
2.773821e+00 9.661486e-01
2.774822e+00 9.587336e-01
2.775822e+00 9.623948e-01
2.776823e+00 9.433729e-01
2.777824e+00 9.262167e-01
2.778824e+00 9.451280e-01
2.779825e+00 9.570762e-01
2.780826e+00 9.427554e-01
2.781826e+00 9.575479e-01
2.782827e+00 9.493751e-01
2.783828e+00 9.510598e-01
2.784828e+00 9.476118e-01
2.785829e+00 9.420299e-01
2.786830e+00 9.232730e-01
2.787830e+00 9.333351e-01
2.788831e+00 9.462547e-01
2.789832e+00 9.148637e-01
2.790832e+00 9.347960e-01
2.791833e+00 9.374265e-01
2.792833e+00 9.215243e-01
2.793834e+00 9.278208e-01
2.794835e+00 9.096909e-01
2.795835e+00 9.105027e-01
2.796836e+00 9.169620e-01
2.797837e+00 9.075094e-01
2.798837e+00 9.308917e-01
2.799838e+00 9.058988e-01
2.800839e+00 8.940504e-01
2.801839e+00 9.041562e-01
2.802840e+00 9.067260e-01
2.803841e+00 9.069380e-01
2.804841e+00 8.927197e-01
2.805842e+00 8.860253e-01
2.806842e+00 8.810053e-01
2.807843e+00 9.084635e-01
2.808844e+00 8.835904e-01
2.809844e+00 8.847372e-01
2.810845e+00 9.013578e-01
2.811846e+00 8.831989e-01
2.812846e+00 8.903811e-01
2.813847e+00 8.791618e-01
2.814848e+00 8.764145e-01
2.815848e+00 8.886682e-01
2.816849e+00 8.715226e-01
2.817850e+00 8.949380e-01
2.818850e+00 8.718056e-01
2.819851e+00 8.492555e-01
2.820852e+00 8.648813e-01
2.821852e+00 8.647926e-01
2.822853e+00 8.866111e-01
2.823853e+00 8.506909e-01
2.824854e+00 8.539814e-01
2.825855e+00 8.623657e-01
2.826855e+00 8.497255e-01
2.827856e+00 8.591928e-01
2.828857e+00 8.580705e-01
2.829857e+00 8.613316e-01
2.830858e+00 8.635109e-01
2.831859e+00 8.642925e-01
2.832859e+00 8.333582e-01
2.833860e+00 8.448656e-01
2.834861e+00 8.313487e-01
2.835861e+00 8.378212e-01
2.836862e+00 8.644783e-01
2.837862e+00 8.306141e-01
2.838863e+00 8.457102e-01
2.839864e+00 8.250917e-01
2.840864e+00 8.270916e-01
2.841865e+00 8.178330e-01
2.842866e+00 8.123568e-01
2.843866e+00 8.270603e-01
2.844867e+00 8.191535e-01
2.845868e+00 8.188397e-01
2.846868e+00 8.158642e-01
2.847869e+00 8.221759e-01
2.848870e+00 8.051693e-01
2.849870e+00 8.291144e-01
2.850871e+00 8.142914e-01
2.851872e+00 8.114704e-01
2.852872e+00 8.272976e-01
2.853873e+00 8.129946e-01
2.854873e+00 8.191592e-01
2.855874e+00 8.108318e-01
2.856875e+00 8.177536e-01
2.857875e+00 7.898252e-01
2.858876e+00 8.105882e-01
2.859877e+00 8.025278e-01
2.860877e+00 7.947042e-01
2.861878e+00 7.787591e-01
2.862879e+00 7.951605e-01
2.863879e+00 7.736091e-01
2.864880e+00 7.908887e-01
2.865881e+00 7.930438e-01
2.866881e+00 7.925076e-01
2.867882e+00 7.701475e-01
2.868883e+00 7.691691e-01
2.869883e+00 7.693278e-01
2.870884e+00 7.785320e-01
2.871884e+00 7.913251e-01
2.872885e+00 7.766085e-01
2.873886e+00 7.798684e-01
2.874886e+00 7.768696e-01
2.875887e+00 7.583774e-01
2.876888e+00 7.779062e-01
2.877888e+00 7.701760e-01
2.878889e+00 7.758012e-01
2.879890e+00 7.553110e-01
2.880890e+00 7.476924e-01
2.881891e+00 7.549660e-01
2.882892e+00 7.583583e-01
2.883892e+00 7.540283e-01
2.884893e+00 7.648250e-01
2.885893e+00 7.414164e-01
2.886894e+00 7.468044e-01
2.887895e+00 7.339274e-01
2.888895e+00 7.474313e-01
2.889896e+00 7.371441e-01
2.890897e+00 7.411552e-01
2.891897e+00 7.447577e-01
2.892898e+00 7.356802e-01
2.893899e+00 7.442994e-01
2.894899e+00 7.413401e-01
2.895900e+00 7.319713e-01
2.896901e+00 7.341149e-01
2.897901e+00 7.374442e-01
2.898902e+00 7.265556e-01
2.899903e+00 7.431257e-01
2.900903e+00 7.115840e-01
2.901904e+00 7.260495e-01
2.902904e+00 7.373208e-01
2.903905e+00 7.353291e-01
2.904906e+00 7.260682e-01
2.905906e+00 7.101151e-01
2.906907e+00 7.344131e-01
2.907908e+00 7.197830e-01
2.908908e+00 7.238368e-01
2.909909e+00 7.030190e-01
2.910910e+00 6.957315e-01
2.911910e+00 7.031678e-01
2.912911e+00 7.229109e-01
2.913912e+00 7.194139e-01
2.914912e+00 7.009333e-01
2.915913e+00 7.131802e-01
2.916913e+00 6.934777e-01
2.917914e+00 6.989212e-01
2.918915e+00 7.132751e-01
2.919915e+00 6.995395e-01
2.920916e+00 6.949548e-01
2.921917e+00 6.917394e-01
2.922917e+00 7.155191e-01
2.923918e+00 6.955746e-01
2.924919e+00 7.017163e-01
2.925919e+00 6.926489e-01
2.926920e+00 6.920202e-01
2.927921e+00 6.941646e-01
2.928921e+00 6.989887e-01
2.929922e+00 7.143837e-01
2.930923e+00 6.867262e-01
2.931923e+00 6.860810e-01
2.932924e+00 6.947837e-01
2.933924e+00 6.785542e-01
2.934925e+00 6.840694e-01
2.935926e+00 6.673352e-01
2.936926e+00 6.521481e-01
2.937927e+00 6.866164e-01
2.938928e+00 6.803354e-01
2.939928e+00 6.815025e-01
2.940929e+00 6.741136e-01
2.941930e+00 6.669117e-01
2.942930e+00 6.702369e-01
2.943931e+00 6.753377e-01
2.944932e+00 6.656135e-01
2.945932e+00 6.678456e-01
2.946933e+00 6.531577e-01
2.947934e+00 6.647984e-01
2.948934e+00 6.620031e-01
2.949935e+00 6.587194e-01
2.950935e+00 6.831035e-01
2.951936e+00 6.361226e-01
2.952937e+00 6.504998e-01
2.953937e+00 6.399009e-01
2.954938e+00 6.501694e-01
2.955939e+00 6.397051e-01
2.956939e+00 6.557054e-01
2.957940e+00 6.473305e-01
2.958941e+00 6.400244e-01
2.959941e+00 6.389002e-01
2.960942e+00 6.506707e-01
2.961943e+00 6.484927e-01
2.962943e+00 6.496263e-01
2.963944e+00 6.521615e-01
2.964944e+00 6.562124e-01
2.965945e+00 6.358563e-01
2.966946e+00 6.182616e-01
2.967946e+00 6.285533e-01
2.968947e+00 6.290133e-01
2.969948e+00 6.463857e-01
2.970948e+00 6.352041e-01
2.971949e+00 6.458635e-01
2.972950e+00 6.240151e-01
2.973950e+00 6.226767e-01
2.974951e+00 6.437408e-01
2.975952e+00 6.160130e-01
2.976952e+00 6.342896e-01
2.977953e+00 6.160351e-01
2.978954e+00 6.312015e-01
2.979954e+00 6.307312e-01
2.980955e+00 6.298423e-01
2.981955e+00 6.332906e-01
2.982956e+00 6.089581e-01
2.983957e+00 6.075763e-01
2.984957e+00 6.094430e-01
2.985958e+00 6.071102e-01
2.986959e+00 6.056837e-01
2.987959e+00 6.269703e-01
2.988960e+00 6.244206e-01
2.989961e+00 6.044224e-01
2.990961e+00 5.981866e-01
2.991962e+00 6.137398e-01
2.992963e+00 6.066395e-01
2.993963e+00 6.022306e-01
2.994964e+00 5.955587e-01
2.995964e+00 5.938768e-01
2.996965e+00 6.000659e-01
2.997966e+00 6.064009e-01
2.998966e+00 5.953784e-01
2.999967e+00 5.892706e-01
3.000968e+00 5.723283e-01
3.001968e+00 5.816094e-01
3.002969e+00 5.933054e-01
3.003970e+00 6.100202e-01
3.004970e+00 5.642791e-01
3.005971e+00 5.923743e-01
3.006972e+00 5.801864e-01
3.007972e+00 5.821532e-01
3.008973e+00 5.795436e-01
3.009974e+00 5.695773e-01
3.010974e+00 5.911577e-01
3.011975e+00 5.803187e-01
3.012975e+00 5.704438e-01
3.013976e+00 5.709440e-01
3.014977e+00 5.573205e-01
3.015977e+00 5.717637e-01
3.016978e+00 5.674456e-01
3.017979e+00 5.824229e-01
3.018979e+00 5.726011e-01
3.019980e+00 5.737452e-01
3.020981e+00 5.628621e-01
3.021981e+00 5.739576e-01
3.022982e+00 5.579905e-01
3.023983e+00 5.803066e-01
3.024983e+00 5.690121e-01
3.025984e+00 5.551741e-01
3.026985e+00 5.707052e-01
3.027985e+00 5.496941e-01
3.028986e+00 5.509471e-01
3.029986e+00 5.512426e-01
3.030987e+00 5.784950e-01
3.031988e+00 5.602794e-01
3.032988e+00 5.504332e-01
3.033989e+00 5.482143e-01
3.034990e+00 5.531409e-01
3.035990e+00 5.524944e-01
3.036991e+00 5.396495e-01
3.037992e+00 5.623671e-01
3.038992e+00 5.636595e-01
3.039993e+00 5.515181e-01
3.040994e+00 5.630106e-01
3.041994e+00 5.427008e-01
3.042995e+00 5.518896e-01
3.043995e+00 5.377775e-01
3.044996e+00 5.404991e-01
3.045997e+00 5.602046e-01
3.046997e+00 5.229998e-01
3.047998e+00 5.213190e-01
3.048999e+00 5.355391e-01
3.049999e+00 5.440330e-01
3.051000e+00 5.300922e-01
