index,burst,B,S,C,Y
0,0,-0.000172271,0,-5.77356e-16,-0.0796816
0,0,0.000388735,0,-1.08577e-15,0.0267094
0,0,0.000956373,0,-1.52525e-15,0.0308561
0,0,0.00286058,0,-1.92165e-15,-0.0479937
0,0,0.00351982,0,-2.27496e-15,-0.0220762
0,0,0.00263016,0,-2.61103e-15,0.0506718
0,0,0.00319426,0,-2.93848e-15,-0.0213793
0,0,0.00375962,0,-3.24871e-15,-0.0556737
0,0,0.00255755,0,-3.54169e-15,0.00444396
0,0,0.00413028,0,-3.81744e-15,0.0690099
0,0,0.0038868,0,-4.05011e-15,-0.0426111
0,0,0.00514724,0,-4.30001e-15,-0.0285599
0,0,0.00319246,0,-4.55853e-15,0.0640688
0,0,0.00155511,0,-4.82566e-15,0.0230477
0,0,0.000583665,0,-5.05833e-15,-0.0448943
0,0,0.000162848,0,-5.26514e-15,-0.0101058
0,0,0.00114681,0,-5.47196e-15,0.069346
0,0,7.43572e-06,0,-5.68739e-15,0.0089572
0,0,-0.00158775,0,-5.90282e-15,-0.019207
0,0,-0.00244177,0,-6.12687e-15,-0.0126149
0,0,-0.0028987,0,-6.3423e-15,0.0221187
0,0,-0.0029133,0,-6.56635e-15,-0.0148288
0,0,-0.00238589,0,-6.73008e-15,-0.0233183
0,0,-0.00149581,0,-6.87657e-15,0.00655504
0,0,-0.00143776,0,-7.02306e-15,0.0149134
0,0,-0.00134512,0,-7.17818e-15,0.0052656
0,0,-0.000962022,0,-7.32467e-15,0.0213963
0,0,-0.0014262,0,-7.47978e-15,0.00707583
0,0,0.000741061,0,-7.62627e-15,-0.0142365
0,0,0.00247406,0,-7.78138e-15,-0.00716549
0,0,0.0037576,0,-7.93649e-15,-0.00402657
0,0,0.00365994,0,-8.08299e-15,0.0141844
0,0,0.00406586,0,-8.2381e-15,-0.0126078
0,0,0.00417259,0,-8.39321e-15,0.0142817
0,0,0.00542312,0,-8.54832e-15,0.01872
0,0,0.00465253,0,-8.70343e-15,0.0354708
0,0,0.0047478,0,-8.78099e-15,-0.0244868
0,0,0.00396772,0,-8.85854e-15,0.0215822
0,0,0.00321912,0,-8.9361e-15,0.0241211
0,0,0.00374189,0,-9.01365e-15,-0.00258642
0,0,0.00457398,0,-9.09121e-15,-0.0363681
0,0,0.00456326,0,-9.16876e-15,-0.00801727
0,0,0.00417926,0,-9.24632e-15,-0.00718206
0,0,0.0041153,0,-9.32387e-15,-0.00556679
0,0,0.00418293,0,-9.40143e-15,0.00875622
0,0,0.0059488,0,-9.47898e-15,0.00788501
0,0,0.0059795,0,-9.55654e-15,0.0222099
0,0,0.0041773,0,-9.63409e-15,-0.0116852
0,0,0.00301807,0,-9.71165e-15,-0.02228
0,0,0.00171618,0,-9.7892e-15,0.0457815
0,0,0.00140593,0,-9.86676e-15,0.0264891
0,0,0.00246671,0,-9.94431e-15,0.0192761
0,0,0.00270309,0,-1.00219e-14,0.0209266
0,0,0.00149502,0,-1.00994e-14,-0.0200813
0,0,0.00152436,0,-1.0177e-14,-0.0272528
0,0,0.00112698,0,-1.02545e-14,-0.00934719
0,0,0.000209934,0,-1.03321e-14,-0.0223027
0,0,0.00068079,0,-1.04096e-14,0.00328887
0,0,-0.000334361,0,-1.04872e-14,-0.00902044
0,0,-0.00062852,0,-1.05648e-14,0.0308221
0,0,-0.00112439,0,-1.06423e-14,-0.00402139
0,0,-0.000696987,0,-1.07199e-14,-0.017829
0,0,-0.000384152,0,-1.07974e-14,0.00936019
0,0,0.000274092,0,-1.08836e-14,-0.0241833
0,0,0.000495497,0,-1.09525e-14,0.0377129
0,0,0.000695637,0,-1.10042e-14,-0.0193473
0,0,-0.000208856,0,-1.10042e-14,-0.011697
0,0,-0.000849314,0,-1.10042e-14,0.0158572
0,0,4.48784e-05,0,-1.10042e-14,-0.011065
0,0,-0.00215165,0,-1.10042e-14,-0.0120864
0,0,-0.00174996,0,-1.10042e-14,0.0112299
0,0,-0.00159168,0,-1.10042e-14,0.00572743
0,0,-0.00250579,0,-1.10042e-14,0.0183728
0,0,-0.00073079,0,-1.10042e-14,0.00100805
0,0,0.000491591,0,-1.10042e-14,-0.0210033
0,0,0.00120993,0,-1.10042e-14,-0.0177024
0,0,0.000954779,0,-1.10042e-14,0.0106317
0,0,0.000436163,0,-1.10042e-14,-0.00431713
0,0,-0.000108292,0,-1.10042e-14,-0.0111052
0,0,0.000382461,0,-1.10042e-14,-0.0104804
0,0,0.00209105,0,-1.10042e-14,-0.00640423
0,0,0.00178591,0,-1.10042e-14,-0.0235969
0,0,0.0011199,0,-1.10042e-14,0.00301026
0,0,0.00177728,0,-1.10042e-14,0.0125661
0,0,0.00119658,0,-1.10042e-14,-0.0177007
0,0,-0.000428809,0,-1.10042e-14,0.000655741
0,0,-0.00136993,0,-1.10042e-14,-0.0052054
0,0,-0.000687259,0,-1.10042e-14,-0.0467588
0,0,-9.70738e-05,0,-1.10042e-14,0.0143764
0,0,0.000369114,0,-1.10042e-14,0.0145626
0,0,0.000506086,0,-1.10042e-14,0.0226647
0,0,0.00127841,0,-1.10042e-14,0.0311377
0,0,0.0014389,0,-1.10042e-14,0.00897316
0,0,0.0023372,0,-1.10042e-14,0.0170519
0,0,0.00182175,0,-1.10042e-14,0.00438729
0,0,0.000407965,0,-1.10042e-14,-0.00468672
0,0,0.00167072,0,-1.10042e-14,-0.00860776
0,0,0.0012925,0,-1.10042e-14,-0.0345176
0,0,0.00161816,0,-1.10042e-14,0.0114979
0,0,0.00119584,0,-1.10042e-14,0.010753
0,0,0.00239134,0,-1.10042e-14,0.0099657
0,0,0.00156329,0,-1.10042e-14,-0.0193631
0,0,0.00367302,0,-1.10042e-14,-0.0137816
0,0,0.00370353,0,-1.10042e-14,-0.0308305
0,0,0.00391757,0,-1.10042e-14,-0.00414903
0,0,0.00333698,0,-1.10042e-14,-0.000444928
0,0,0.00237072,0,-1.10042e-14,0.00380558
0,0,0.00211386,0,-1.10042e-14,-0.0283501
0,0,0.00216201,0,-1.10042e-14,-0.00985939
0,0,0.00311567,0,-1.10042e-14,-0.0396899
0,0,0.00223315,0,-1.10042e-14,0.0209331
0,0,0.000112866,0,-1.10042e-14,0.00576008
0,0,-0.00131082,0,-1.10042e-14,0.0186191
0,0,-0.00223214,0,-1.10042e-14,0.0370692
0,0,-0.00128107,0,-1.10042e-14,0.0160433
0,0,-0.00152329,0,-1.10042e-14,0.0113224
0,0,-0.00140187,0,-1.10042e-14,-0.0355459
0,0,5.40018e-05,0,-1.10042e-14,-0.0167306
0,0,0.000520991,0,-1.10042e-14,-0.0119573
0,0,0.000808976,0,-1.10042e-14,0.0130194
0,0,-0.00126721,0,-1.10042e-14,0.00933997
0,0,-0.00289791,0,-1.10042e-14,-0.00847891
0,0,-0.00175202,0,-1.10042e-14,-0.0345464
0,0,-0.00179048,0,-1.10042e-14,-0.0513944
0,0,-0.000176766,0,-1.10042e-14,-0.0211051
0,0,-0.000367001,0,-1.10042e-14,-0.018634
0,0,0.000249902,0,-1.10042e-14,0.0116891
0,0,0.000326973,0,-1.10042e-14,0.0117499
0,0,0.000232438,0,-1.10042e-14,-0.0159303
0,0,0.000268951,0,-1.10042e-14,-0.0218437
0,0,0.00108876,0,-1.10042e-14,0.0130571
0,0,0.00210496,0,-1.10042e-14,-0.00198033
0,0,0.0016852,0,-1.10042e-14,0.00619745
0,0,0.00123709,0,-1.10042e-14,0.0152744
0,0,0.000883734,0,-1.10042e-14,0.00314071
0,0,0.00142504,0,-1.10042e-14,0.0152889
0,0,0.00266865,0,-1.10042e-14,-0.00177367
0,0,0.00351766,0,-1.10042e-14,-0.00168104
0,0,0.00249587,0,-1.10042e-14,-0.0134101
0,0,0.00103127,0,-1.10042e-14,0.00776318
0,0,-0.00108873,0,-1.10042e-14,0.0116677
0,0,-0.000207163,0,-1.10042e-14,0.0313961
0,0,-0.000419268,0,-1.10042e-14,0.0173053
0,0,-0.000624198,0,-1.10042e-14,0.0162364
0,0,-0.00113319,0,-1.10042e-14,0.0424528
0,0,-0.000504078,0,-1.10042e-14,-0.00364864
0,0,-0.000580426,0,-1.10042e-14,0.0158497
0,0,-0.000251048,0,-1.10042e-14,0.00662222
0,0,0.000282553,0,-1.10042e-14,-0.0205782
0,0,0.0011651,0,-1.10042e-14,0.00653476
0,0,0.000528128,0,-1.10042e-14,0.0123267
0,0,0.00155039,0,-1.10042e-14,0.0399132
0,0,0.00325456,0,-1.10042e-14,-0.00191792
0,0,0.00352934,0,-1.10042e-14,0.0244425
0,0,0.00373967,0,-1.10042e-14,0.0138218
0,0,0.00297905,0,-1.10042e-14,0.0336804
0,0,0.00456876,0,-1.10042e-14,0.0303103
0,0,0.00422965,0,-1.10042e-14,-0.0203519
0,0,0.00569396,0,-1.10042e-14,-0.0156359
0,0,0.00604527,0,-1.10042e-14,0.00555339
0,0,0.0049926,0,-1.10042e-14,-0.00217407
0,0,0.0059017,0,-1.10042e-14,0.0378929
0,0,0.00485288,0,-1.10042e-14,-0.0177331
0,0,0.00596081,0,-1.10042e-14,-0.0103068
0,0,0.00610925,0,-1.10042e-14,-0.0160841
0,0,0.00540901,0,-1.10042e-14,0.0214592
0,0,0.00458953,0,-1.10042e-14,-0.00763567
0,0,0.00504621,0,-1.10042e-14,0.00581142
0,0,0.00610619,0,-1.10042e-14,0.00606832
0,0,0.00607572,0,-1.10042e-14,-0.001394
0,0,0.00409692,0,-1.10042e-14,-0.0192746
0,0,0.00413205,0,-1.10042e-14,0.020088
0,0,0.00327248,0,-1.10042e-14,-0.0106559
0,0,0.00324107,0,-1.10042e-14,-0.000931676
0,0,0.00197216,0,-1.10042e-14,-0.00601986
0,0,0.000455573,0,-1.10042e-14,-0.00404437
0,0,0.00211513,0,-1.10042e-14,-0.00726032
0,0,0.00110159,0,-1.10042e-14,-0.00568452
0,0,0.00134881,0,-1.10042e-14,-0.0268461
0,0,0.00106016,0,-1.10042e-14,-0.0179304
0,0,0.000333443,0,-1.10042e-14,-0.00659667
0,0,-0.000106436,0,-1.10042e-14,-0.0139673
0,0,-9.4304e-05,0,-1.10042e-14,0.0276814
0,0,0.000637753,0,-1.10042e-14,0.0174663
0,0,0.000592343,0,-1.10042e-14,-0.0215829
0,0,0.000422093,0,-1.10042e-14,-0.00976026
0,0,-8.2009e-05,0,-1.10042e-14,0.00601908
0,0,0.000594157,0,-1.10042e-14,0.00912519
0,0,-0.00107487,0,-1.10042e-14,0.00426895
0,0,-0.000640851,0,-1.10042e-14,-0.0159235
0,0,-0.00303323,0,-1.10042e-14,0.00787975
0,0,-0.00325849,0,-1.10042e-14,0.0394796
0,0,-0.00373085,0,-1.10042e-14,0.0251088
0,0,-0.00409036,0,-1.10042e-14,-0.0277824
0,0,-0.00558765,0,-1.10042e-14,0.0228108
0,0,-0.00414605,0,-1.10042e-14,-0.0259308
0,0,-0.0039663,0,-1.10042e-14,0.0109257
0,0,-0.00447943,0,-1.10042e-14,0.01514
0,0,-0.00479136,0,-1.10042e-14,-0.0339935
0,0,-0.00419706,0,-1.10042e-14,0.00534651
0,0,-0.00462819,0,-1.10042e-14,-0.0262311
0,0,-0.00457075,0,-1.10042e-14,-0.0312186
0,0,-0.00415824,0,-1.10042e-14,0.05918
0,0,-0.00265102,0,-1.10042e-14,0.000353917
0,0,-0.00266403,0,-1.10042e-14,0.0341965
0,0,-0.0023322,0,-1.10042e-14,-0.00390898
0,0,-0.00257992,0,-1.10042e-14,0.0119125
0,0,-0.00366526,0,-1.10042e-14,-0.00959338
0,0,-0.0056311,0,-1.10042e-14,-0.0274916
0,0,-0.0056549,0,-1.10042e-14,0.00279666
0,0,-0.00685918,0,-1.10042e-14,0.0299919
0,0,-0.00623405,0,-1.10042e-14,0.0207037
0,0,-0.00529664,0,-1.10042e-14,0.0141136
0,0,-0.00358219,0,-1.10042e-14,-0.0244374
0,0,-0.00416583,0,-1.10042e-14,0.0179548
0,0,-0.00429886,0,-1.10042e-14,-0.010197
0,0,-0.00574038,0,-1.10042e-14,0.0227431
0,0,-0.00736619,0,-1.10042e-14,-0.014921
0,0,-0.00829354,0,-1.10042e-14,0.0193629
0,0,-0.00865263,0,-1.10042e-14,0.0233268
0,0,-0.00705931,0,-1.10042e-14,0.0185051
0,0,-0.00708248,0,-1.10042e-14,0.0151467
0,0,-0.0078758,0,-1.10042e-14,-0.00972329
0,0,-0.00719623,0,-1.10042e-14,-0.0118329
0,0,-0.00694794,0,-1.10042e-14,-0.00828635
0,0,-0.00622955,0,-1.10042e-14,0.00242446
0,0,-0.00643902,0,-1.10042e-14,0.0253479
0,0,-0.00656997,0,-1.10042e-14,0.0146279
0,0,-0.00580964,0,-1.10042e-14,-0.0339032
0,0,-0.00450604,0,-1.10042e-14,0.00910209
0,0,-0.00435617,0,-1.10042e-14,0.0112862
0,0,-0.00363881,0,-1.10042e-14,0.0297117
0,0,-0.00261753,0,-1.10042e-14,-0.0206804
0,0,-0.00384514,0,-1.10042e-14,0.0124238
0,0,-0.00256325,0,-1.10042e-14,-0.0153708
0,0,-0.0030235,0,-1.10042e-14,0.0258201
0,0,-0.00378381,0,-1.10042e-14,0.0109324
0,0,-0.00302642,0,-1.10042e-14,0.0176048
0,0,-0.00321682,0,-1.10042e-14,-0.0167824
0,0,-0.00324338,0,-1.10042e-14,-0.0289827
0,0,-0.00299631,0,-1.10042e-14,0.00352799
0,0,-0.00211269,0,-1.10042e-14,-0.00477761
0,0,-0.00351436,0,-1.10042e-14,0.00845259
0,0,-0.00204298,0,-1.10042e-14,-0.00366463
0,0,-0.0017577,0,-1.10042e-14,0.00709197
0,0,-0.00195348,0,-1.10042e-14,0.0103323
0,0,-0.00239499,0,-1.10042e-14,-0.0201255
0,0,-0.00319019,0,-1.10042e-14,-0.0195411
0,0,-0.00190395,0,-1.10042e-14,0.0158161
0,0,-0.00291258,0,-1.10042e-14,0.00477138
0,0,-0.0032307,0,-1.10042e-14,-0.00896506
0,0,-0.00353428,0,-1.10042e-14,0.0213696
0,0,-0.00392802,0,-1.10042e-14,0.00784526
0,0,-0.00280471,0,-1.10042e-14,-0.0255392
0,0,-0.0018817,0,-1.10042e-14,0.0267691
0,0,-0.00292844,0,-1.10042e-14,-0.0133122
0,1,-0.00371136,0,-1.10042e-14,-0.000382852
0,1,-0.00449862,0,-1.10042e-14,0.000204926
0,1,-0.00452278,0,-1.10042e-14,-0.00815287
0,1,-0.00392219,0,-1.10042e-14,0.0316814
0,1,-0.00387682,0,-1.10042e-14,0.00828572
0,1,-0.0049971,0,-1.10042e-14,-0.00888199
0,1,-0.00339974,0,-1.10042e-14,0.00923793
0,1,-0.00373014,0,-1.10042e-14,0.0200764
0,1,-0.00441083,0,-1.10042e-14,0.00944574
0,1,-0.00621799,1,0.00811215,0.0515017
0,1,-0.0079548,0,0.0294565,0.111882
0,1,-0.0085988,0,0.0536944,0.0923632
0,1,-0.00840347,0,0.0762433,0.136201
0,1,-0.00944551,0,0.0953898,0.157425
0,1,-0.0103592,0,0.110772,0.161833
0,1,-0.0114921,1,0.133209,0.241118
0,1,-0.0108226,0,0.168948,0.285185
0,1,-0.00938312,0,0.204828,0.292257
0,1,-0.0109057,0,0.235831,0.345233
0,1,-0.0104908,0,0.260618,0.311243
0,1,-0.00959184,0,0.279409,0.316193
0,1,-0.00750933,0,0.293017,0.328205
0,1,-0.00823403,0,0.302409,0.30725
0,1,-0.00814147,0,0.3085,0.330862
0,1,-0.00863593,0,0.312079,0.291852
0,1,-0.0098607,0,0.31379,0.353491
0,1,-0.0111005,0,0.314137,0.294444
0,1,-0.0110367,0,0.313506,0.296815
0,1,-0.0117024,1,0.32324,0.286318
0,1,-0.0123329,0,0.34965,0.363396
0,1,-0.014695,0,0.378522,0.425821
0,1,-0.0159603,0,0.40411,0.392509
0,1,-0.0151995,0,0.4246,0.359783
0,1,-0.0155284,0,0.439901,0.42619
0,1,-0.0162126,0,0.450624,0.41168
0,1,-0.0167603,1,0.469343,0.493279
0,1,-0.0179165,0,0.503041,0.482576
0,1,-0.0175856,0,0.537071,0.549732
0,1,-0.0201032,0,0.565946,0.48834
0,1,-0.0205618,0,0.588276,0.59482
0,1,-0.0208769,0,0.604376,0.619191
0,1,-0.0198538,0,0.615191,0.550715
0,1,-0.0213205,0,0.621795,0.636067
0,1,-0.0230576,0,0.62518,0.614703
0,1,-0.0228222,0,0.62618,0.59024
0,1,-0.0216784,0,0.625455,0.600739
0,1,-0.0219744,0,0.62351,0.590032
0,1,-0.0232918,0,0.620719,0.581342
0,1,-0.0243997,0,0.617354,0.523362
0,1,-0.0247698,0,0.613607,0.527925
0,1,-0.0251604,0,0.609613,0.536104
0,1,-0.0256043,0,0.605465,0.459618
0,1,-0.0258097,0,0.601226,0.492611
0,1,-0.0263212,0,0.596939,0.565155
0,1,-0.0263529,0,0.592631,0.504452
0,1,-0.0267061,0,0.588321,0.466346
0,1,-0.0272226,0,0.584019,0.516136
0,1,-0.0277774,0,0.579734,0.482384
0,1,-0.0293796,0,0.575468,0.423921
0,1,-0.0299533,0,0.571227,0.481774
0,1,-0.0294847,0,0.567009,0.490217
0,1,-0.0299708,0,0.562818,0.519791
0,1,-0.0299302,0,0.558652,0.471057
0,1,-0.030495,0,0.554512,0.415284
0,1,-0.0320231,0,0.550399,0.401536
0,1,-0.0320599,0,0.546311,0.397425
0,1,-0.0317112,0,0.54225,0.431705
0,1,-0.0327439,0,0.538214,0.426615
0,1,-0.0339138,0,0.534205,0.400425
0,1,-0.034519,0,0.530221,0.420567
0,1,-0.0337767,0,0.526263,0.423375
0,1,-0.0352164,0,0.522331,0.379235
0,1,-0.035919,0,0.518424,0.424053
0,1,-0.0376574,0,0.514542,0.336931
0,1,-0.0381497,0,0.510687,0.379569
0,1,-0.0390645,0,0.506856,0.384809
0,1,-0.0406973,0,0.503051,0.371213
0,1,-0.041909,0,0.499272,0.329696
0,1,-0.0414999,0,0.495517,0.378543
0,1,-0.0424691,0,0.491788,0.370268
0,1,-0.04308,0,0.488085,0.319123
0,1,-0.0432448,0,0.484406,0.344296
0,1,-0.0451001,0,0.480752,0.339263
0,1,-0.0450401,0,0.477123,0.341878
0,1,-0.0478255,0,0.47352,0.255909
0,1,-0.047721,0,0.469941,0.299823
0,1,-0.0485052,0,0.466387,0.370556
0,1,-0.0494704,0,0.462858,0.343987
0,1,-0.0500402,0,0.459353,0.296989
0,1,-0.0510692,0,0.455873,0.266552
0,1,-0.0514371,0,0.452418,0.267825
0,1,-0.052536,0,0.448987,0.273568
0,1,-0.0537452,0,0.44558,0.291386
0,1,-0.0556542,0,0.442198,0.262799
0,1,-0.0568191,0,0.43884,0.261082
0,1,-0.05654,0,0.435506,0.238612
0,1,-0.057173,0,0.432196,0.260819
0,1,-0.0583968,0,0.42891,0.27168
0,1,-0.0580459,0,0.425648,0.279466
0,1,-0.0597577,0,0.42241,0.265195
0,1,-0.0609185,0,0.419195,0.24298
0,1,-0.0615875,0,0.416004,0.242312
0,1,-0.0626847,0,0.412836,0.208884
0,1,-0.0635356,0,0.409692,0.283516
0,1,-0.0640493,0,0.406571,0.226253
0,1,-0.0642958,0,0.403473,0.212682
0,1,-0.0650629,0,0.400398,0.196925
0,1,-0.0678432,0,0.397346,0.17686
0,1,-0.0682,0,0.394317,0.223827
0,1,-0.0696178,0,0.391311,0.219457
0,1,-0.0690756,0,0.388327,0.199177
0,1,-0.0687935,0,0.385366,0.235866
0,1,-0.0697369,0,0.382427,0.225868
0,1,-0.070282,0,0.37951,0.207323
0,1,-0.0720971,0,0.376615,0.19174
0,1,-0.0738035,0,0.373743,0.180321
0,1,-0.073246,0,0.370892,0.189834
0,1,-0.0743214,0,0.368064,0.207244
0,1,-0.0738671,0,0.365257,0.211167
0,1,-0.0753802,0,0.362471,0.182061
0,1,-0.0755673,0,0.359707,0.152767
0,1,-0.0768889,0,0.356964,0.16591
0,1,-0.0794578,0,0.354243,0.158123
0,1,-0.0800535,0,0.351542,0.171349
0,1,-0.0814403,0,0.348863,0.192631
0,1,-0.081845,0,0.346204,0.158428
0,1,-0.0810878,0,0.343566,0.144002
0,1,-0.0834874,0,0.340949,0.158578
0,1,-0.0846015,0,0.338352,0.170492
0,1,-0.0850423,0,0.335775,0.126983
0,1,-0.0850773,0,0.333219,0.150545
0,1,-0.0864386,0,0.330683,0.149465
0,1,-0.0865966,0,0.328166,0.12553
0,1,-0.0877977,0,0.32567,0.110479
0,1,-0.0898198,0,0.323193,0.117845
0,1,-0.0902827,0,0.320736,0.108226
0,1,-0.0913613,0,0.318299,0.114212
0,1,-0.093629,0,0.31588,0.0953229
0,1,-0.0957387,0,0.313481,0.118605
0,1,-0.0956827,0,0.311101,0.147002
0,1,-0.0955585,0,0.308741,0.10722
0,1,-0.0947558,0,0.306398,0.112427
0,1,-0.0955176,0,0.304075,0.165039
0,1,-0.0961569,0,0.30177,0.135523
0,1,-0.0981368,0,0.299484,0.143021
0,1,-0.0979339,0,0.297216,0.118841
0,1,-0.0989929,0,0.294967,0.117548
0,1,-0.100725,0,0.292735,0.124553
0,1,-0.102995,0,0.290522,0.102982
0,1,-0.102859,0,0.288326,0.0893812
0,1,-0.104345,0,0.286149,0.119018
0,1,-0.104862,0,0.283988,0.124194
0,1,-0.105591,0,0.281846,0.103141
0,1,-0.106732,0,0.279721,0.0895032
0,1,-0.107646,1,0.288937,0.129923
0,1,-0.109957,0,0.31581,0.214181
0,1,-0.110922,0,0.345636,0.238735
0,1,-0.111786,0,0.372388,0.243853
0,1,-0.112832,1,0.406875,0.350869
0,1,-0.114428,0,0.455123,0.363629
0,1,-0.114928,0,0.500995,0.411256
0,1,-0.114216,0,0.539015,0.419232
0,1,-0.114523,0,0.568232,0.417196
0,1,-0.116801,0,0.589464,0.393812
0,1,-0.117533,0,0.604101,0.436763
0,1,-0.11763,0,0.61358,0.409016
0,1,-0.118196,0,0.619169,0.423821
0,1,-0.118042,0,0.621907,0.499591
0,1,-0.118914,0,0.622601,0.426999
0,1,-0.118869,0,0.62186,0.430572
0,1,-0.120563,0,0.620129,0.418754
0,1,-0.124171,0,0.617728,0.411223
0,1,-0.122754,0,0.614882,0.393375
0,1,-0.123648,0,0.611747,0.350737
0,1,-0.124469,0,0.608429,0.403978
0,1,-0.124174,0,0.604999,0.378817
0,1,-0.124324,0,0.601504,0.350944
0,1,-0.125833,0,0.597975,0.475685
0,1,-0.125124,0,0.594432,0.394445
0,1,-0.125859,0,0.590887,0.377348
0,1,-0.126443,0,0.587348,0.381355
0,1,-0.126923,0,0.58382,0.365386
0,1,-0.127661,0,0.580304,0.381681
0,1,-0.12882,0,0.576804,0.326145
0,1,-0.128667,0,0.57332,0.351074
0,1,-0.12967,0,0.569851,0.347038
0,1,-0.13105,0,0.566399,0.336013
0,1,-0.131741,0,0.562963,0.367633
0,1,-0.131847,0,0.559544,0.327055
0,1,-0.132618,0,0.556142,0.265537
0,1,-0.134951,0,0.552755,0.30578
0,1,-0.136998,0,0.549386,0.307125
0,1,-0.138009,0,0.546032,0.33106
0,1,-0.139807,0,0.542696,0.321084
0,1,-0.139665,0,0.539375,0.304328
0,1,-0.139571,0,0.536072,0.289444
0,1,-0.139502,0,0.532785,0.290155
0,1,-0.140104,0,0.529515,0.28189
0,1,-0.139471,0,0.526261,0.280259
0,1,-0.140868,0,0.523025,0.292365
0,1,-0.141904,0,0.519805,0.297719
0,1,-0.14343,0,0.516602,0.221287
0,1,-0.144957,0,0.513416,0.267627
0,1,-0.14626,1,0.522634,0.246474
0,1,-0.147808,0,0.550805,0.377209
0,1,-0.148141,0,0.58171,0.348114
0,1,-0.146506,0,0.608912,0.452431
0,1,-0.146427,0,0.630454,0.383347
0,1,-0.146796,0,0.646317,0.409013
0,1,-0.148691,0,0.657238,0.389783
0,1,-0.150414,0,0.66417,0.377948
0,1,-0.152187,0,0.668029,0.37301
0,1,-0.152813,0,0.669598,0.420905
0,1,-0.155132,0,0.669507,0.392829
0,1,-0.155573,0,0.668239,0.406673
0,1,-0.15798,0,0.666153,0.395917
0,1,-0.159033,0,0.66351,0.371047
0,1,-0.158727,0,0.660495,0.372843
0,1,-0.159737,0,0.657238,0.391447
0,1,-0.160427,0,0.653827,0.441408
0,1,-0.161614,0,0.650322,0.333597
0,1,-0.162528,0,0.646763,0.349376
0,1,-0.161427,0,0.643177,0.377305
0,1,-0.160946,0,0.639579,0.306506
0,1,-0.162313,0,0.635982,0.392274
0,1,-0.161982,0,0.632392,0.371276
0,1,-0.163201,0,0.628813,0.343292
0,1,-0.164789,0,0.625247,0.341705
0,1,-0.163737,0,0.621695,0.329436
0,1,-0.165582,0,0.61816,0.373504
0,1,-0.167207,0,0.61464,0.392384
0,1,-0.167903,0,0.611137,0.34589
0,1,-0.169181,0,0.60765,0.289641
0,1,-0.168476,0,0.60418,0.330571
0,1,-0.168923,0,0.600726,0.334278
0,1,-0.16961,0,0.597288,0.349757
0,1,-0.170128,0,0.593868,0.295608
0,1,-0.170039,0,0.590463,0.280981
0,1,-0.171559,0,0.587076,0.286233
0,1,-0.171844,0,0.583704,0.315698
0,1,-0.171559,0,0.58035,0.278829
0,1,-0.171804,0,0.577012,0.295266
0,1,-0.171993,0,0.573691,0.261421
0,1,-0.173306,0,0.570386,0.275856
0,1,-0.172456,0,0.567098,0.274897
0,1,-0.172345,0,0.563827,0.265546
0,1,-0.17255,0,0.560573,0.293888
0,1,-0.173535,0,0.557336,0.225361
0,1,-0.17552,0,0.554115,0.271557
0,1,-0.177015,0,0.550911,0.241201
0,1,-0.176918,0,0.547724,0.270643
0,1,-0.176798,0,0.544554,0.253606
0,1,-0.178432,0,0.541401,0.202082
0,1,-0.180112,0,0.538264,0.231134
0,1,-0.180429,0,0.535145,0.239889
0,1,-0.180919,0,0.532042,0.195931
0,1,-0.181606,0,0.528956,0.181799
0,1,-0.182894,0,0.525887,0.24185
0,1,-0.183405,0,0.522835,0.196268
0,1,-0.183793,0,0.519799,0.266857
0,1,-0.182642,0,0.516781,0.19906
0,1,-0.183763,0,0.513779,0.193152
0,1,-0.184657,0,0.510794,0.229199
0,1,-0.1856,0,0.507826,0.195219
0,1,-0.187746,0,0.504874,0.193526
0,1,-0.188998,0,0.501939,0.197389
0,1,-0.191052,0,0.499021,0.153247
0,1,-0.191698,0,0.496119,0.192268
0,1,-0.191531,0,0.493234,0.180965
0,1,-0.191655,0,0.490365,0.21387
0,1,-0.192555,0,0.487513,0.204448
0,1,-0.193709,0,0.484677,0.144538
0,1,-0.194907,0,0.481858,0.166191
0,1,-0.195693,0,0.479055,0.14313
0,1,-0.1971,0,0.476269,0.150987
0,1,-0.197931,0,0.473499,0.147497
0,1,-0.199835,0,0.470745,0.185204
0,1,-0.200169,0,0.468007,0.170964
0,1,-0.20076,0,0.465285,0.141199
0,1,-0.201102,0,0.462579,0.149433
0,1,-0.201507,0,0.45989,0.154923
0,1,-0.202421,0,0.457216,0.181563
0,1,-0.203325,0,0.454559,0.166211
0,1,-0.20438,0,0.451917,0.153711
0,1,-0.204327,0,0.449291,0.139976
0,1,-0.205208,0,0.44668,0.154607
0,1,-0.204901,0,0.444086,0.15334
0,1,-0.206101,0,0.441507,0.139474
0,1,-0.207466,0,0.438943,0.104358
0,1,-0.208214,0,0.436395,0.10838
0,1,-0.210347,0,0.433863,0.107416
0,1,-0.211057,0,0.431346,0.117899
0,1,-0.210684,0,0.428844,0.113468
0,1,-0.210627,0,0.426357,0.118443
0,1,-0.210889,0,0.423886,0.113334
0,1,-0.212952,0,0.42143,0.104651
0,1,-0.213327,0,0.418988,0.0986745
0,1,-0.213048,0,0.416562,0.103246
0,1,-0.214803,0,0.414151,0.134958
0,1,-0.216204,0,0.411754,0.129774
0,1,-0.216349,0,0.409373,0.0819839
0,1,-0.216951,0,0.407005,0.131604
0,1,-0.217593,0,0.404653,0.087055
0,1,-0.218602,0,0.402315,0.117572
0,1,-0.218725,0,0.399992,0.128055
0,1,-0.219039,0,0.397683,0.127601
0,1,-0.220697,0,0.395388,0.082437
0,1,-0.221602,0,0.393108,0.106937
0,1,-0.221411,0,0.390842,0.107324
0,1,-0.222558,0,0.38859,0.116622
0,1,-0.222648,0,0.386352,0.081556
0,1,-0.223116,0,0.384128,0.0818118
0,1,-0.22535,0,0.381918,0.0649002
0,1,-0.225776,0,0.379722,0.121247
0,1,-0.226613,0,0.37754,0.0668524
0,1,-0.227214,0,0.375371,0.0777713
0,1,-0.22804,0,0.373216,0.100876
0,1,-0.228311,0,0.371075,0.0581982
0,1,-0.228375,0,0.368947,0.105912
0,1,-0.2288,0,0.366833,0.040178
0,1,-0.229795,0,0.364732,0.0779661
0,1,-0.231424,0,0.362644,0.0954638
0,1,-0.232796,0,0.360569,0.0833519
0,1,-0.23307,0,0.358508,0.0704663
0,1,-0.232961,0,0.356459,0.0992346
0,1,-0.23282,1,0.366494,0.100245
0,1,-0.233731,0,0.395201,0.145013
0,1,-0.233893,0,0.426852,0.210712
0,1,-0.235158,0,0.455086,0.225525
0,1,-0.237209,0,0.477889,0.234256
0,1,-0.237708,0,0.495153,0.20335
0,1,-0.238539,0,0.507538,0.220583
0,1,-0.241387,0,0.515938,0.250666
0,1,-0.241764,0,0.521233,0.214174
0,1,-0.241231,0,0.524187,0.230382
0,1,-0.243259,0,0.525423,0.162791
0,1,-0.24323,0,0.525425,0.200421
0,1,-0.243737,0,0.524559,0.217837
0,1,-0.245212,0,0.523091,0.214059
0,1,-0.246817,0,0.521215,0.214024
0,1,-0.246279,0,0.519068,0.229203
0,1,-0.248357,0,0.516743,0.212906
0,1,-0.247916,0,0.514306,0.239989
0,1,-0.249147,0,0.5118,0.195117
0,1,-0.24966,0,0.509253,0.198456
0,1,-0.251062,0,0.506686,0.183144
0,1,-0.250605,0,0.504109,0.201628
0,1,-0.250788,0,0.501532,0.196893
0,1,-0.250683,0,0.498957,0.218049
0,1,-0.251315,0,0.496389,0.196315
0,1,-0.25272,0,0.493829,0.21562
0,1,-0.251541,0,0.491277,0.187893
0,1,-0.25164,0,0.488735,0.192684
0,1,-0.252627,0,0.486203,0.158734
0,1,-0.252503,0,0.483681,0.206614
0,1,-0.254875,0,0.481169,0.199411
0,1,-0.254742,0,0.478666,0.176587
0,1,-0.254549,0,0.476174,0.164048
0,1,-0.255838,0,0.473692,0.161733
0,1,-0.256504,0,0.47122,0.184827
0,1,-0.257193,0,0.468758,0.13285
0,1,-0.257257,0,0.466306,0.160739
0,1,-0.258518,0,0.463864,0.199414
0,1,-0.258523,0,0.461432,0.182129
0,1,-0.259306,0,0.459011,0.149321
0,1,-0.259302,0,0.456601,0.156785
0,1,-0.259174,0,0.4542,0.190835
0,1,-0.259114,0,0.45181,0.16764
0,1,-0.259569,0,0.449431,0.129353
0,1,-0.260435,0,0.447062,0.133743
0,1,-0.261985,0,0.444704,0.162706
0,1,-0.262249,0,0.442357,0.137041
0,1,-0.261479,0,0.44002,0.117746
0,1,-0.262965,0,0.437695,0.11027
0,1,-0.263701,0,0.43538,0.122553
0,1,-0.263639,0,0.433075,0.140153
0,1,-0.263432,0,0.430782,0.0818118
0,1,-0.263187,0,0.4285,0.112815
0,1,-0.265779,0,0.426229,0.0716759
0,1,-0.265113,0,0.423968,0.119335
0,1,-0.266106,0,0.421719,0.105868
0,1,-0.266908,0,0.41948,0.107756
0,1,-0.265861,0,0.417253,0.121428
0,1,-0.266969,0,0.415037,0.0985904
0,1,-0.268512,0,0.412831,0.0737522
0,1,-0.271558,0,0.410637,0.133524
0,1,-0.271106,0,0.408454,0.125229
0,1,-0.272495,0,0.406282,0.121424
0,1,-0.27333,0,0.404121,0.0794749
0,1,-0.273521,0,0.401972,0.0645677
0,1,-0.273844,0,0.399833,0.0729213
0,1,-0.275331,0,0.397705,0.116145
0,1,-0.273771,0,0.395589,0.100511
0,1,-0.273977,0,0.393483,0.0886636
0,1,-0.274398,0,0.391389,0.0988682
0,1,-0.274584,0,0.389306,0.0944288
0,1,-0.274315,0,0.387234,0.083634
0,1,-0.273738,0,0.385173,0.0336227
0,1,-0.27405,0,0.383122,0.0771425
0,1,-0.273339,0,0.381083,0.103063
0,1,-0.273636,0,0.379055,0.0908442
0,1,-0.275313,0,0.377038,0.0752327
0,1,-0.275688,0,0.375032,0.0754124
0,1,-0.275252,0,0.373037,0.0836711
0,1,-0.276807,0,0.371053,0.0871409
0,1,-0.277129,0,0.369079,0.0484633
0,1,-0.277902,0,0.367117,0.101333
0,1,-0.277404,0,0.365165,0.0908157
0,1,-0.277693,0,0.363224,0.0658824
0,1,-0.279134,0,0.361294,0.0575311
0,1,-0.279808,0,0.359375,0.0515864
0,1,-0.280519,0,0.357466,0.11086
0,1,-0.281397,0,0.355568,0.0865387
0,1,-0.282196,0,0.353681,0.0815524
0,1,-0.282916,1,0.363943,0.0668021
0,1,-0.282377,0,0.392981,0.206759
0,1,-0.282453,0,0.424979,0.173105
0,1,-0.282898,0,0.453538,0.168777
0,1,-0.283284,0,0.476635,0.199149
0,1,-0.283139,0,0.49416,0.222905
0,1,-0.284797,0,0.506779,0.196166
0,1,-0.286451,0,0.515391,0.230725
0,1,-0.286997,0,0.520881,0.223295
0,1,-0.288105,0,0.524018,0.205665
0,1,-0.289304,0,0.525429,0.220576
0,1,-0.289147,0,0.525599,0.203294
0,1,-0.287796,0,0.524895,0.230256
0,1,-0.287871,0,0.523587,0.233608
0,1,-0.288293,0,0.521868,0.196518
0,1,-0.288649,0,0.519874,0.230305
0,1,-0.288483,0,0.517701,0.19586
0,1,-0.28975,0,0.515412,0.227222
0,1,-0.29012,0,0.513053,0.185672
0,1,-0.291752,0,0.510652,0.194608
0,1,-0.293121,0,0.508227,0.188495
0,1,-0.293793,0,0.505791,0.152597
0,1,-0.293339,0,0.503351,0.199623
0,1,-0.294488,1,0.513628,0.242205
0,1,-0.29471,0,0.543333,0.263872
0,1,-0.29463,0,0.575816,0.271614
0,1,-0.296927,0,0.604476,0.317793
0,1,-0.29861,0,0.627316,0.379198
0,1,-0.298858,0,0.644323,0.345059
0,1,-0.297874,0,0.656264,0.311253
0,1,-0.29881,0,0.664118,0.38002
0,1,-0.30076,0,0.668827,0.373746
0,1,-0.3011,0,0.671195,0.304658
0,1,-0.300648,0,0.671866,0.345262
0,1,-0.301116,0,0.671333,0.304615
0,1,-0.301622,0,0.669964,0.298981
0,1,-0.302087,0,0.668023,0.285684
0,1,-0.303002,1,0.678769,0.317264
0,1,-0.304191,0,0.709053,0.408862
0,1,-0.305132,0,0.74177,0.364302
0,1,-0.306668,0,0.770269,0.426543
0,1,-0.30598,0,0.792634,0.439785
0,1,-0.306972,0,0.808964,0.434042
0,1,-0.306879,0,0.820119,0.421614
0,1,-0.307836,0,0.82715,0.437517
0,1,-0.309635,0,0.831041,0.401317
0,1,-0.310146,0,0.832622,0.410519
0,1,-0.310982,0,0.832546,0.47839
0,1,-0.311849,0,0.831307,0.439225
0,1,-0.311999,0,0.829268,0.420704
0,1,-0.311459,0,0.826688,0.405303
0,1,-0.31101,0,0.823747,0.41076
0,1,-0.310923,0,0.820572,0.390491
0,1,-0.310353,0,0.817246,0.443193
0,1,-0.311846,0,0.813825,0.459622
0,1,-0.31275,0,0.810346,0.396809
0,1,-0.315011,0,0.806833,0.422309
0,1,-0.316621,0,0.803302,0.389899
0,1,-0.317744,0,0.799762,0.347826
0,1,-0.318769,0,0.796219,0.389739
0,1,-0.319502,0,0.792677,0.390239
0,1,-0.319892,0,0.789137,0.352079
0,1,-0.319379,0,0.785603,0.365459
0,1,-0.320072,0,0.782073,0.371104
0,1,-0.319497,0,0.77855,0.35087
0,1,-0.321108,0,0.775033,0.339242
0,1,-0.320981,0,0.771523,0.374253
0,1,-0.320999,0,0.76802,0.333767
0,1,-0.320835,0,0.764524,0.362476
0,1,-0.320765,0,0.761036,0.334911
0,1,-0.321468,0,0.757555,0.310787
0,1,-0.323003,0,0.754083,0.300183
0,1,-0.322497,0,0.750619,0.336225
0,1,-0.324182,0,0.747163,0.322425
0,1,-0.323981,0,0.743716,0.330726
0,1,-0.326997,0,0.740278,0.297
0,1,-0.327133,0,0.736849,0.319346
0,1,-0.327704,0,0.733429,0.312142
0,1,-0.327321,0,0.730019,0.275301
0,1,-0.328032,0,0.726619,0.27302
0,1,-0.329312,0,0.723229,0.271081
0,1,-0.331541,0,0.719848,0.284245
0,1,-0.330011,0,0.716478,0.29229
0,1,-0.331645,0,0.713119,0.243431
0,1,-0.333411,0,0.70977,0.247934
0,1,-0.333549,0,0.706432,0.27915
0,1,-0.333573,0,0.703105,0.24906
0,1,-0.334038,0,0.699788,0.244734
0,1,-0.334473,0,0.696483,0.239072
0,1,-0.333851,0,0.69319,0.209597
0,1,-0.33562,0,0.689908,0.241506
0,1,-0.334954,0,0.686637,0.264081
0,1,-0.33676,0,0.683378,0.2475
0,1,-0.336887,0,0.680131,0.210098
0,1,-0.338037,0,0.676896,0.216966
0,1,-0.337991,0,0.673672,0.245487
0,1,-0.33822,0,0.670461,0.259715
0,1,-0.338599,0,0.667262,0.231012
0,1,-0.339408,0,0.664075,0.22134
0,1,-0.339866,0,0.660901,0.186095
0,1,-0.341151,0,0.657738,0.176292
0,1,-0.341717,0,0.654589,0.219561
0,1,-0.341855,0,0.651451,0.168926
0,1,-0.343802,0,0.648326,0.129363
0,1,-0.344888,0,0.645214,0.172098
0,1,-0.345786,0,0.642115,0.183534
0,1,-0.347529,0,0.639028,0.162716
0,1,-0.34828,0,0.635954,0.190608
0,1,-0.349183,0,0.632893,0.174802
0,1,-0.34896,0,0.629844,0.189293
0,1,-0.350042,0,0.626809,0.15719
0,1,-0.350872,0,0.623786,0.154241
0,1,-0.351145,0,0.620776,0.200105
0,1,-0.350556,1,0.630853,0.272134
0,1,-0.351432,0,0.660788,0.229064
0,1,-0.352529,0,0.693405,0.271774
0,1,-0.353237,0,0.721971,0.312831
0,1,-0.35324,0,0.744505,0.271299
0,1,-0.353124,0,0.761056,0.338146
0,1,-0.35336,0,0.772451,0.325177
0,1,-0.355008,0,0.779719,0.25614
0,1,-0.355452,0,0.783837,0.326811
0,1,-0.35559,0,0.785629,0.323065
0,1,-0.357007,0,0.785749,0.291544
0,1,-0.359352,0,0.784695,0.267845
0,1,-0.359769,0,0.78283,0.290418
0,1,-0.359854,0,0.780418,0.301527
0,1,-0.358869,0,0.777642,0.238316
0,1,-0.360639,0,0.77463,0.264527
0,1,-0.360969,0,0.771467,0.291989
0,1,-0.361362,0,0.768211,0.298615
0,1,-0.361139,0,0.7649,0.273135
0,1,-0.359753,0,0.761558,0.270014
0,1,-0.361041,0,0.758201,0.278093
0,1,-0.36149,0,0.754838,0.254723
0,1,-0.363489,0,0.751475,0.271511
0,1,-0.366633,0,0.748117,0.242468
0,1,-0.367568,0,0.744765,0.264495
0,1,-0.36787,0,0.741421,0.246096
0,1,-0.368636,0,0.738085,0.265548
0,1,-0.368094,0,0.734759,0.266585
0,1,-0.368406,0,0.731441,0.247595
0,1,-0.368735,0,0.728133,0.228633
0,1,-0.37073,0,0.724834,0.242415
0,1,-0.370978,0,0.721545,0.237159
0,1,-0.370556,0,0.718266,0.256133
0,1,-0.369407,0,0.714997,0.18555
0,1,-0.370521,0,0.711737,0.241727
0,1,-0.371165,0,0.708488,0.205332
0,1,-0.371553,0,0.705248,0.232085
0,1,-0.37241,1,0.715262,0.195313
0,1,-0.37479,0,0.745302,0.283001
0,1,-0.375685,0,0.777934,0.300419
0,1,-0.375084,0,0.806375,0.324442
0,1,-0.37648,0,0.828667,0.37137
0,1,-0.377156,0,0.8449,0.368984
0,1,-0.377661,0,0.85594,0.381417
0,1,-0.378286,0,0.862846,0.366643
0,1,-0.379316,0,0.866609,0.414349
0,1,-0.380094,0,0.868064,0.336138
0,1,-0.380012,0,0.867867,0.370845
0,1,-0.379918,0,0.866516,0.368348
0,1,-0.37889,0,0.864372,0.380498
0,1,-0.379521,0,0.861695,0.340847
0,1,-0.381014,0,0.858664,0.326311
0,1,-0.381811,0,0.855405,0.296897
0,1,-0.383243,0,0.852,0.35674
0,1,-0.384415,0,0.848506,0.301956
0,1,-0.383829,0,0.844958,0.349524
0,1,-0.384389,0,0.841379,0.324752
0,1,-0.384404,0,0.837786,0.353909
0,1,-0.386828,0,0.834187,0.34625
0,1,-0.388015,0,0.830587,0.278245
0,1,-0.389075,0,0.826991,0.309355
0,1,-0.389641,0,0.8234,0.332665
0,1,-0.389049,0,0.819816,0.276848
0,1,-0.390129,0,0.81624,0.283492
0,1,-0.390419,0,0.812672,0.307253
0,1,-0.390828,0,0.809112,0.306717
0,1,-0.390805,0,0.80556,0.277794
0,1,-0.393144,0,0.802018,0.316975
0,1,-0.392545,0,0.798484,0.242477
0,1,-0.392066,0,0.794959,0.239351
0,1,-0.39328,0,0.791444,0.239103
0,1,-0.394301,0,0.787938,0.255276
0,1,-0.395709,0,0.784442,0.275772
0,1,-0.396236,0,0.780955,0.258704
0,1,-0.397431,0,0.777478,0.279837
0,1,-0.398118,0,0.774012,0.237148
0,1,-0.397575,0,0.770555,0.234857
0,1,-0.398728,0,0.767109,0.212063
0,1,-0.397903,0,0.763673,0.238976
0,1,-0.401001,0,0.760248,0.232511
0,1,-0.400409,0,0.756833,0.200953
0,1,-0.40181,0,0.75343,0.201566
0,1,-0.403577,0,0.750037,0.223835
0,1,-0.404033,0,0.746656,0.230717
0,1,-0.404432,0,0.743285,0.183506
0,1,-0.404515,0,0.739926,0.229332
0,1,-0.405193,0,0.736578,0.225032
0,1,-0.406,0,0.733242,0.1994
0,1,-0.405478,0,0.729917,0.166947
0,1,-0.406733,0,0.726604,0.188776
0,1,-0.407138,0,0.723303,0.213627
0,1,-0.407821,0,0.720013,0.1985
0,1,-0.407784,0,0.716735,0.169816
0,1,-0.407716,0,0.71347,0.229612
0,1,-0.4075,0,0.710216,0.182229
0,1,-0.408154,1,0.720264,0.210611
0,1,-0.40972,0,0.750406,0.248676
0,1,-0.411303,0,0.783145,0.308993
0,1,-0.412884,0,0.811675,0.30647
0,1,-0.412078,0,0.834035,0.3173
0,1,-0.412726,0,0.850318,0.324229
0,1,-0.413475,1,0.874906,0.358568
0,1,-0.415377,0,0.915502,0.361741
0,1,-0.416309,0,0.955255,0.43816
0,1,-0.416916,0,0.98822,0.432997
0,1,-0.418784,0,1.0132,0.476736
0,1,-0.418847,0,1.03088,0.446175
0,1,-0.418096,0,1.04256,0.481624
0,1,-0.420658,0,1.0496,0.475285
0,1,-0.420802,0,1.05321,0.49655
0,1,-0.422062,0,1.05433,0.501291
0,1,-0.420711,0,1.05371,0.493945
0,1,-0.421802,0,1.05189,0.46033
0,1,-0.422977,0,1.04926,0.449642
0,1,-0.424862,0,1.0461,0.452987
0,1,-0.423515,0,1.04257,0.418356
0,1,-0.425881,0,1.03882,0.409471
0,1,-0.426254,0,1.03493,0.425599
0,1,-0.426516,0,1.03094,0.420985
0,1,-0.427738,0,1.0269,0.436618
0,1,-0.428408,0,1.02283,0.456468
0,1,-0.429102,0,1.01875,0.417695
0,1,-0.430752,0,1.01465,0.458944
0,1,-0.430969,0,1.01055,0.408985
0,1,-0.4309,0,1.00645,0.397885
0,1,-0.43162,0,1.00236,0.394463
0,1,-0.431115,0,0.998261,0.402225
0,1,-0.43224,0,0.994172,0.359384
0,1,-0.433236,0,0.990087,0.407164
0,1,-0.434687,0,0.986008,0.388808
0,1,-0.436646,0,0.981934,0.390369
0,1,-0.436876,0,0.977866,0.365851
0,1,-0.437017,0,0.973804,0.3354
0,1,-0.438745,0,0.969749,0.346416
0,1,-0.437715,0,0.965701,0.324494
0,1,-0.438549,0,0.96166,0.305245
0,1,-0.440133,0,0.957627,0.334088
0,1,-0.441109,0,0.953601,0.372857
0,1,-0.442003,0,0.949584,0.343595
0,1,-0.441654,1,0.959033,0.372821
0,1,-0.440173,0,0.98865,0.401491
0,1,-0.441642,0,1.02063,0.413731
0,1,-0.443982,0,1.04816,0.48306
0,1,-0.446636,0,1.06935,0.446594
0,1,-0.446575,0,1.08439,0.513164
0,1,-0.445838,0,1.09423,0.468737
0,1,-0.447128,0,1.09997,0.491441
0,1,-0.448034,0,1.10263,0.47138
0,1,-0.446819,0,1.10305,0.446362
0,1,-0.447243,0,1.1019,0.402852
0,1,-0.448879,1,1.11301,0.416981
0,1,-0.450222,0,1.14331,0.498778
0,1,-0.451377,0,1.17534,0.558294
0,1,-0.452469,0,1.20252,0.501469
0,1,-0.453234,0,1.22316,0.511296
0,1,-0.454574,1,1.25079,0.536629
0,1,-0.455336,0,1.29271,0.593205
0,1,-0.455921,0,1.33247,0.57109
0,1,-0.457621,0,1.36459,0.60891
0,1,-0.458162,0,1.38822,0.645607
0,1,-0.4578,0,1.40431,0.607996
0,1,-0.458027,0,1.41434,0.64877
0,1,-0.457603,0,1.41977,0.648242
0,1,-0.458019,0,1.42183,0.660075
0,1,-0.460102,0,1.42152,0.636813
0,1,-0.461419,1,1.43235,0.727356
0,1,-0.461072,0,1.46104,0.69889
0,1,-0.462435,0,1.4909,0.711451
0,1,-0.463163,0,1.51576,0.74259
0,1,-0.463805,0,1.53415,0.700947
0,1,-0.464008,0,1.54649,0.655249
0,1,-0.463724,1,1.56623,0.748927
0,1,-0.464456,0,1.60038,0.784857
0,1,-0.46572,0,1.63338,0.7307
0,1,-0.466609,0,1.65991,0.749918
0,1,-0.467275,0,1.67905,0.761603
0,1,-0.467575,0,1.6916,0.760796
0,1,-0.468164,0,1.69885,0.743562
0,1,-0.468394,0,1.70209,0.781276
0,1,-0.469298,0,1.70241,0.783585
0,1,-0.46889,0,1.70067,0.776189
0,1,-0.470916,0,1.69751,0.795754
0,1,-0.470776,0,1.69338,0.75768
0,1,-0.470866,0,1.68862,0.719365
0,1,-0.47181,0,1.68342,0.704397
0,1,-0.472609,0,1.67795,0.733325
0,1,-0.473259,0,1.6723,0.7267
0,1,-0.474173,0,1.66654,0.759758
0,1,-0.474759,0,1.6607,0.712344
0,1,-0.476788,0,1.65481,0.730053
0,1,-0.47639,0,1.6489,0.718374
0,1,-0.477539,0,1.64296,0.674556
0,1,-0.478282,0,1.63701,0.691751
0,1,-0.47723,0,1.63105,0.724594
0,1,-0.47789,0,1.62508,0.69513
0,1,-0.479314,0,1.61911,0.663819
0,1,-0.482225,0,1.61314,0.697677
0,1,-0.482189,0,1.60717,0.651099
0,1,-0.484277,0,1.6012,0.681576
0,1,-0.48552,0,1.59522,0.645187
0,1,-0.486567,0,1.58925,0.646403
0,1,-0.487982,0,1.58328,0.663634
0,1,-0.488177,0,1.57732,0.654614
0,1,-0.489006,0,1.57135,0.614047
0,1,-0.489492,0,1.56539,0.620929
0,1,-0.489678,0,1.55944,0.602145
0,1,-0.489789,0,1.55349,0.598884
0,1,-0.491936,0,1.54755,0.57871
0,1,-0.491627,0,1.54161,0.607026
0,1,-0.491881,0,1.53568,0.566487
0,1,-0.491369,0,1.52976,0.585094
0,1,-0.492725,0,1.52384,0.530593
0,1,-0.492638,0,1.51793,0.613588
0,1,-0.493575,0,1.51203,0.563821
0,1,-0.492521,0,1.50614,0.5508
0,1,-0.492461,0,1.50026,0.545254
0,1,-0.493435,0,1.49439,0.570363
0,1,-0.493417,0,1.48853,0.532129
1,1,7.66379e-05,0,-4.72969e-16,-0.0796816
1,1,0.000263846,0,-8.81443e-16,0.0267094
1,1,0.000146402,0,-1.23975e-15,0.0308561
1,1,-0.00175918,0,-1.56223e-15,-0.0479937
1,1,-0.00116911,0,-1.85605e-15,-0.0220762
1,1,-0.00204016,0,-2.12836e-15,0.0506718
1,1,-0.00184433,0,-2.39351e-15,-0.0213793
1,1,-0.00135479,0,-2.64433e-15,-0.0556737
1,1,-0.00044346,0,-2.88798e-15,0.00444396
1,1,0.000279929,0,-3.0958e-15,0.0690099
1,1,-0.000862256,0,-3.29645e-15,-0.0426111
1,1,0.000319553,0,-3.50427e-15,-0.0285599
1,1,-0.000543376,0,-3.71926e-15,0.0640688
1,1,-0.000677633,0,-3.93424e-15,0.0230477
1,1,-0.00108069,0,-4.1134e-15,-0.0448943
1,1,-0.000301086,0,-4.27822e-15,-0.0101058
1,1,-0.00158697,0,-4.46454e-15,0.069346
1,1,-0.00123352,0,-4.63653e-15,0.0089572
1,1,-0.00246612,0,-4.82285e-15,-0.019207
1,1,-0.00253754,0,-4.99484e-15,-0.0126149
1,1,-0.00297392,0,-5.18116e-15,0.0221187
1,1,-0.00443435,0,-5.36032e-15,-0.0148288
1,1,-0.00545432,0,-5.48214e-15,-0.0233183
1,1,-0.00446077,0,-5.5968e-15,0.00655504
1,1,-0.00516165,0,-5.71863e-15,0.0149134
1,1,-0.00586647,0,-5.84045e-15,0.0052656
1,1,-0.00909429,0,-5.96945e-15,0.0213963
1,1,-0.0100864,0,-6.09844e-15,0.00707583
1,1,-0.0111282,0,-6.22743e-15,-0.0142365
1,1,-0.0123076,0,-6.34925e-15,-0.00716549
1,1,-0.0127196,0,-6.47825e-15,-0.00402657
1,1,-0.0127064,0,-6.60724e-15,0.0141844
1,1,-0.0132831,0,-6.73623e-15,-0.0126078
1,1,-0.0108847,0,-6.85806e-15,0.0142817
1,1,-0.00910827,0,-6.98705e-15,0.01872
1,1,-0.00961553,0,-7.08737e-15,0.0354708
1,1,-0.0103655,0,-7.15904e-15,-0.0244868
1,1,-0.00890706,0,-7.21637e-15,0.0215822
1,1,-0.00821364,0,-7.28803e-15,0.0241211
1,1,-0.00828875,0,-7.34536e-15,-0.00258642
1,1,-0.00928596,0,-7.41702e-15,-0.0363681
1,1,-0.0101494,0,-7.47435e-15,-0.00801727
1,1,-0.00888299,0,-7.54601e-15,-0.00718206
1,1,-0.00838653,0,-7.60334e-15,-0.00556679
1,1,-0.0080764,0,-7.675e-15,0.00875622
1,1,-0.00908322,0,-7.73233e-15,0.00788501
1,1,-0.0104848,0,-7.80399e-15,0.0222099
1,1,-0.0110708,0,-7.86132e-15,-0.0116852
1,1,-0.0128232,0,-7.93299e-15,-0.02228
1,1,-0.0124947,0,-7.99031e-15,0.0457815
1,1,-0.0120288,0,-8.06198e-15,0.0264891
1,1,-0.0133818,0,-8.11931e-15,0.0192761
1,1,-0.0149552,0,-8.19097e-15,0.0209266
1,1,-0.0151927,0,-8.25546e-15,-0.0200813
1,1,-0.0139999,0,-8.31996e-15,-0.0272528
1,1,-0.0133353,0,-8.38446e-15,-0.00934719
1,1,-0.0130397,0,-8.44895e-15,-0.0223027
1,1,-0.0137666,0,-8.51345e-15,0.00328887
1,1,-0.0140333,0,-8.57794e-15,-0.00902044
1,1,-0.0153047,0,-8.64244e-15,0.0308221
1,1,-0.0143083,0,-8.70694e-15,-0.00402139
1,1,-0.0142687,0,-8.77143e-15,-0.017829
1,1,-0.0134275,0,-8.83593e-15,0.00936019
1,1,-0.0131505,0,-8.90042e-15,-0.0241833
1,1,-0.0121918,0,-8.96492e-15,0.0377129
1,1,-0.0114924,0,-8.97925e-15,-0.0193473
1,1,-0.01108,0,-8.97925e-15,-0.011697
1,1,-0.0109928,0,-8.97925e-15,0.0158572
1,1,-0.0106803,0,-8.97925e-15,-0.011065
1,1,-0.0106317,0,-8.97925e-15,-0.0120864
1,1,-0.0115283,0,-8.97925e-15,0.0112299
1,1,-0.0125506,0,-8.97925e-15,0.00572743
1,1,-0.0121736,0,-8.97925e-15,0.0183728
1,1,-0.0125422,0,-8.97925e-15,0.00100805
1,1,-0.013546,0,-8.97925e-15,-0.0210033
1,1,-0.0128637,0,-8.97925e-15,-0.0177024
1,1,-0.0119252,0,-8.97925e-15,0.0106317
1,1,-0.0120853,0,-8.97925e-15,-0.00431713
1,1,-0.0116637,0,-8.97925e-15,-0.0111052
1,1,-0.0123374,0,-8.97925e-15,-0.0104804
1,1,-0.0135466,0,-8.97925e-15,-0.00640423
1,1,-0.0121534,0,-8.97925e-15,-0.0235969
1,1,-0.012315,0,-8.97925e-15,0.00301026
1,1,-0.0109309,0,-8.97925e-15,0.0125661
1,1,-0.0109214,0,-8.97925e-15,-0.0177007
1,1,-0.0120506,0,-8.97925e-15,0.000655741
1,1,-0.0111538,0,-8.97925e-15,-0.0052054
1,1,-0.0113665,0,-8.97925e-15,-0.0467588
1,1,-0.012217,0,-8.97925e-15,0.0143764
1,1,-0.0124297,0,-8.97925e-15,0.0145626
1,1,-0.012123,0,-8.97925e-15,0.0226647
1,1,-0.0121955,0,-8.97925e-15,0.0311377
1,1,-0.0130776,0,-8.97925e-15,0.00897316
1,1,-0.0128645,0,-8.97925e-15,0.0170519
1,1,-0.0113295,0,-8.97925e-15,0.00438729
1,1,-0.0109604,0,-8.97925e-15,-0.00468672
1,1,-0.00991364,0,-8.97925e-15,-0.00860776
1,1,-0.0102834,0,-8.97925e-15,-0.0345176
1,1,-0.0103956,0,-8.97925e-15,0.0114979
1,1,-0.00972759,0,-8.97925e-15,0.010753
1,1,-0.00935065,0,-8.97925e-15,0.0099657
1,1,-0.00947288,0,-8.97925e-15,-0.0193631
1,1,-0.00896022,0,-8.97925e-15,-0.0137816
1,1,-0.00918106,0,-8.97925e-15,-0.0308305
1,1,-0.0105975,0,-8.97925e-15,-0.00414903
1,1,-0.0107287,0,-8.97925e-15,-0.000444928
1,1,-0.0107436,0,-8.97925e-15,0.00380558
1,1,-0.0102213,0,-8.97925e-15,-0.0283501
1,1,-0.00976793,0,-8.97925e-15,-0.00985939
1,1,-0.00986354,0,-8.97925e-15,-0.0396899
1,1,-0.00885089,0,-8.97925e-15,0.0209331
1,1,-0.00894736,0,-8.97925e-15,0.00576008
1,1,-0.00871423,0,-8.97925e-15,0.0186191
1,1,-0.00878145,0,-8.97925e-15,0.0370692
1,1,-0.00870079,0,-8.97925e-15,0.0160433
1,1,-0.00948269,0,-8.97925e-15,0.0113224
1,1,-0.00932646,0,-8.97925e-15,-0.0355459
1,1,-0.00972289,0,-8.97925e-15,-0.0167306
1,1,-0.0107811,0,-8.97925e-15,-0.0119573
1,1,-0.0107723,0,-8.97925e-15,0.0130194
1,1,-0.0103891,0,-8.97925e-15,0.00933997
1,1,-0.011141,0,-8.97925e-15,-0.00847891
1,1,-0.0102619,0,-8.97925e-15,-0.0345464
1,1,-0.0114162,0,-8.97925e-15,-0.0513944
1,1,-0.010704,0,-8.97925e-15,-0.0211051
1,1,-0.0120763,0,-8.97925e-15,-0.018634
1,1,-0.0123732,0,-8.97925e-15,0.0116891
1,1,-0.0120907,0,-8.97925e-15,0.0117499
1,1,-0.0117926,0,-8.97925e-15,-0.0159303
1,1,-0.0127921,0,-8.97925e-15,-0.0218437
1,1,-0.0126566,0,-8.97925e-15,0.0130571
1,1,-0.0120598,0,-8.97925e-15,-0.00198033
1,1,-0.0114912,0,-8.97925e-15,0.00619745
1,1,-0.0122086,0,-8.97925e-15,0.0152744
1,1,-0.0128999,0,-8.97925e-15,0.00314071
1,1,-0.013362,0,-8.97925e-15,0.0152889
1,1,-0.0138069,0,-8.97925e-15,-0.00177367
1,1,-0.0146246,0,-8.97925e-15,-0.00168104
1,1,-0.0150179,0,-8.97925e-15,-0.0134101
1,1,-0.014613,0,-8.97925e-15,0.00776318
1,1,-0.0151838,0,-8.97925e-15,0.0116677
1,1,-0.0169154,0,-8.97925e-15,0.0313961
1,1,-0.0171194,0,-8.97925e-15,0.0173053
1,1,-0.0169049,0,-8.97925e-15,0.0162364
1,1,-0.0181959,0,-8.97925e-15,0.0424528
1,1,-0.0179714,0,-8.97925e-15,-0.00364864
1,1,-0.019111,0,-8.97925e-15,0.0158497
1,1,-0.0207818,0,-8.97925e-15,0.00662222
1,1,-0.0211193,0,-8.97925e-15,-0.0205782
1,1,-0.019776,0,-8.97925e-15,0.00653476
1,1,-0.0171857,0,-8.97925e-15,0.0123267
1,1,-0.017253,0,-8.97925e-15,0.0399132
1,1,-0.0168173,0,-8.97925e-15,-0.00191792
1,1,-0.0161539,0,-8.97925e-15,0.0244425
1,1,-0.015947,0,-8.97925e-15,0.0138218
1,1,-0.0163066,0,-8.97925e-15,0.0336804
1,1,-0.015812,0,-8.97925e-15,0.0303103
1,1,-0.0169862,0,-8.97925e-15,-0.0203519
1,1,-0.0155956,0,-8.97925e-15,-0.0156359
1,1,-0.0161327,0,-8.97925e-15,0.00555339
1,1,-0.0161673,0,-8.97925e-15,-0.00217407
1,1,-0.0171168,0,-8.97925e-15,0.0378929
1,1,-0.0166048,0,-8.97925e-15,-0.0177331
1,1,-0.0170308,0,-8.97925e-15,-0.0103068
1,1,-0.0173478,0,-8.97925e-15,-0.0160841
1,1,-0.0179833,0,-8.97925e-15,0.0214592
1,1,-0.0175951,0,-8.97925e-15,-0.00763567
1,1,-0.0168076,0,-8.97925e-15,0.00581142
1,1,-0.0169583,0,-8.97925e-15,0.00606832
1,1,-0.0165753,0,-8.97925e-15,-0.001394
1,1,-0.016715,0,-8.97925e-15,-0.0192746
1,1,-0.0162203,0,-8.97925e-15,0.020088
1,1,-0.0174495,0,-8.97925e-15,-0.0106559
1,1,-0.0178787,0,-8.97925e-15,-0.000931676
1,1,-0.0172378,0,-8.97925e-15,-0.00601986
1,1,-0.0176156,0,-8.97925e-15,-0.00404437
1,1,-0.0185676,0,-8.97925e-15,-0.00726032
1,1,-0.0191615,0,-8.97925e-15,-0.00568452
1,1,-0.0202314,0,-8.97925e-15,-0.0268461
1,1,-0.0199485,0,-8.97925e-15,-0.0179304
1,1,-0.0198132,0,-8.97925e-15,-0.00659667
1,1,-0.0201088,0,-8.97925e-15,-0.0139673
1,1,-0.0208279,0,-8.97925e-15,0.0276814
1,1,-0.0208222,0,-8.97925e-15,0.0174663
1,1,-0.0207988,0,-8.97925e-15,-0.0215829
1,1,-0.0228275,0,-8.97925e-15,-0.00976026
1,1,-0.0230552,0,-8.97925e-15,0.00601908
1,1,-0.0234961,0,-8.97925e-15,0.00912519
1,1,-0.0221548,0,-8.97925e-15,0.00426895
1,1,-0.0231642,0,-8.97925e-15,-0.0159235
1,1,-0.0229762,0,-8.97925e-15,0.00787975
1,1,-0.0225603,0,-8.97925e-15,0.0394796
1,1,-0.0238725,0,-8.97925e-15,0.0251088
1,1,-0.022564,0,-8.97925e-15,-0.0277824
1,1,-0.0224794,0,-8.97925e-15,0.0228108
1,1,-0.0251775,0,-8.97925e-15,-0.0259308
1,1,-0.0269187,0,-8.97925e-15,0.0109257
1,1,-0.0266895,0,-8.97925e-15,0.01514
1,1,-0.024947,0,-8.97925e-15,-0.0339935
1,1,-0.0237173,0,-8.97925e-15,0.00534651
1,1,-0.0246563,0,-8.97925e-15,-0.0262311
1,1,-0.0253194,0,-8.97925e-15,-0.0312186
1,1,-0.0263637,0,-8.97925e-15,0.05918
1,1,-0.0255085,0,-8.97925e-15,0.000353917
1,1,-0.0243856,0,-8.97925e-15,0.0341965
1,1,-0.0243015,0,-8.97925e-15,-0.00390898
1,1,-0.0238533,0,-8.97925e-15,0.0119125
1,1,-0.0236125,0,-8.97925e-15,-0.00959338
1,1,-0.0231302,0,-8.97925e-15,-0.0274916
1,1,-0.0237607,0,-8.97925e-15,0.00279666
1,1,-0.0254023,0,-8.97925e-15,0.0299919
1,1,-0.0249394,0,-8.97925e-15,0.0207037
1,1,-0.0245278,0,-8.97925e-15,0.0141136
1,1,-0.024395,0,-8.97925e-15,-0.0244374
1,1,-0.0244448,0,-8.97925e-15,0.0179548
1,1,-0.0246787,0,-8.97925e-15,-0.010197
1,1,-0.0239712,0,-8.97925e-15,0.0227431
1,1,-0.0247365,0,-8.97925e-15,-0.014921
1,1,-0.0255908,0,-8.97925e-15,0.0193629
1,1,-0.0257429,0,-8.97925e-15,0.0233268
1,1,-0.0248601,0,-8.97925e-15,0.0185051
1,1,-0.0264609,0,-8.97925e-15,0.0151467
1,1,-0.0269519,0,-8.97925e-15,-0.00972329
1,1,-0.0254361,0,-8.97925e-15,-0.0118329
1,1,-0.0249089,0,-8.97925e-15,-0.00828635
1,1,-0.0239987,0,-8.97925e-15,0.00242446
1,1,-0.0238929,0,-8.97925e-15,0.0253479
1,1,-0.022261,0,-8.97925e-15,0.0146279
1,1,-0.0222642,0,-8.97925e-15,-0.0339032
1,1,-0.0235216,0,-8.97925e-15,0.00910209
1,1,-0.0234963,0,-8.97925e-15,0.0112862
1,1,-0.022273,0,-8.97925e-15,0.0297117
1,1,-0.0206615,0,-8.97925e-15,-0.0206804
1,1,-0.0210258,0,-8.97925e-15,0.0124238
1,1,-0.0230967,0,-8.97925e-15,-0.0153708
1,1,-0.0230043,0,-8.97925e-15,0.0258201
1,1,-0.0234428,0,-8.97925e-15,0.0109324
1,1,-0.0229406,0,-8.97925e-15,0.0176048
1,1,-0.0225849,0,-8.97925e-15,-0.0167824
1,1,-0.0208771,0,-8.97925e-15,-0.0289827
1,1,-0.0208703,0,-8.97925e-15,0.00352799
1,1,-0.0212493,0,-8.97925e-15,-0.00477761
1,1,-0.020897,0,-8.97925e-15,0.00845259
1,1,-0.0218136,0,-8.97925e-15,-0.00366463
1,1,-0.0226872,0,-8.97925e-15,0.00709197
1,1,-0.0223168,0,-8.97925e-15,0.0103323
1,1,-0.0206338,0,-8.97925e-15,-0.0201255
1,1,-0.0207889,0,-8.97925e-15,-0.0195411
1,1,-0.0222409,0,-8.97925e-15,0.0158161
1,1,-0.022051,0,-8.97925e-15,0.00477138
1,1,-0.0215375,0,-8.97925e-15,-0.00896506
1,1,-0.0212784,0,-8.97925e-15,0.0213696
1,1,-0.0199373,0,-8.97925e-15,0.00784526
1,1,-0.0205361,0,-8.97925e-15,-0.0255392
1,1,-0.0197534,0,-8.97925e-15,0.0267691
1,1,-0.0198513,0,-8.97925e-15,-0.0133122
1,1,-0.0205945,0,-8.97925e-15,-0.000382852
1,1,-0.020831,0,-8.97925e-15,0.000204926
1,1,-0.0213655,0,-8.97925e-15,-0.00815287
1,1,-0.0223139,0,-8.97925e-15,0.0316814
1,1,-0.0216023,0,-8.97925e-15,0.00828572
1,1,-0.0213074,0,-8.97925e-15,-0.00888199
1,1,-0.0191121,0,-8.97925e-15,0.00923793
1,1,-0.0192671,0,-8.97925e-15,0.0200764
1,1,-0.0195629,0,-8.97925e-15,0.00944574
1,1,-0.0195143,1,0.00665452,0.0515017
1,1,-0.0189816,0,0.0241995,0.111882
1,1,-0.0201069,0,0.0441617,0.0923632
1,1,-0.0209721,0,0.0627633,0.136201
1,1,-0.0203914,0,0.0785805,0.157425
1,1,-0.0233242,0,0.0913035,0.161833
1,1,-0.0227595,1,0.109816,0.241118
1,1,-0.0233935,0,0.139292,0.285185
1,1,-0.0234101,0,0.168922,0.292257
1,1,-0.0236068,0,0.194559,0.345233
1,1,-0.0232194,0,0.215078,0.311243
1,1,-0.0240304,0,0.230647,0.316193
1,1,-0.0257187,0,0.241928,0.328205
1,1,-0.0255681,0,0.249715,0.30725
1,1,-0.0279873,0,0.25476,0.330862
1,1,-0.0286092,0,0.257716,0.291852
1,1,-0.030008,0,0.259115,0.353491
1,1,-0.0308107,0,0.259376,0.294444
1,1,-0.0281704,0,0.258818,0.296815
1,1,-0.027811,1,0.266754,0.286318
1,1,-0.02788,0,0.288421,0.363396
1,1,-0.0279407,0,0.312168,0.425821
1,1,-0.0279462,0,0.333251,0.392509
1,1,-0.0279084,0,0.350152,0.359783
1,1,-0.0263838,0,0.362781,0.42619
1,1,-0.0252866,0,0.371631,0.41168
1,1,-0.0253827,1,0.387016,0.493279
1,1,-0.0257974,0,0.414726,0.482576
1,1,-0.0256791,0,0.442753,0.549732
1,1,-0.0256369,0,0.466563,0.48834
1,1,-0.0261541,0,0.48499,0.59482
1,1,-0.0258984,0,0.498278,0.619191
1,1,-0.0266939,0,0.507193,0.550715
1,1,-0.0283546,0,0.512618,0.636067
1,1,-0.0286476,0,0.515369,0.614703
1,1,-0.0289343,0,0.516134,0.59024
1,1,-0.0284815,0,0.515461,0.600739
1,1,-0.0279481,0,0.513768,0.590032
1,1,-0.0269688,0,0.511367,0.581342
1,1,-0.0274399,0,0.508484,0.523362
1,1,-0.0285605,0,0.50528,0.527925
1,1,-0.0296286,0,0.501869,0.536104
1,1,-0.0302752,0,0.498329,0.459618
1,1,-0.0307975,0,0.494713,0.492611
1,1,-0.0314767,0,0.491057,0.565155
1,1,-0.0312998,0,0.487383,0.504452
1,1,-0.0322671,0,0.483708,0.466346
1,1,-0.0314932,0,0.480041,0.516136
1,1,-0.0329466,0,0.476389,0.482384
1,1,-0.0332974,0,0.472755,0.423921
1,1,-0.0345565,0,0.469141,0.481774
1,1,-0.032489,0,0.465549,0.490217
1,1,-0.033165,0,0.46198,0.519791
1,1,-0.0328522,0,0.458433,0.471057
1,1,-0.0334047,0,0.454909,0.415284
1,1,-0.0336198,0,0.451408,0.401536
1,1,-0.0339974,0,0.44793,0.397425
1,1,-0.0360748,0,0.444475,0.431705
1,1,-0.0357712,0,0.441043,0.426615
1,1,-0.0370276,0,0.437634,0.400425
1,1,-0.0353822,0,0.434247,0.420567
1,1,-0.0348536,0,0.430882,0.423375
1,1,-0.0363119,0,0.42754,0.379235
1,1,-0.0359381,0,0.424221,0.424053
1,1,-0.0368696,0,0.420924,0.336931
1,1,-0.0387037,0,0.417649,0.379569
1,1,-0.0393227,0,0.414396,0.384809
1,1,-0.0406973,0,0.411166,0.371213
1,1,-0.0405682,0,0.407958,0.329696
1,1,-0.0414999,0,0.404772,0.378543
1,1,-0.0410199,0,0.401608,0.370268
1,1,-0.0415669,0,0.398466,0.319123
1,1,-0.0432448,0,0.395346,0.344296
1,1,-0.0451001,0,0.392247,0.339263
1,1,-0.0450401,0,0.389171,0.341878
1,1,-0.0478255,0,0.386117,0.255909
1,1,-0.047721,0,0.383084,0.299823
1,1,-0.0485052,0,0.380073,0.370556
1,1,-0.0494704,0,0.377083,0.343987
1,1,-0.0500402,0,0.374115,0.296989
1,1,-0.0510692,0,0.371169,0.266552
1,1,-0.0511919,0,0.368243,0.267825
1,1,-0.052536,0,0.365339,0.273568
1,1,-0.0537452,0,0.362457,0.291386
1,1,-0.0556542,0,0.359595,0.262799
1,1,-0.0568191,0,0.356755,0.261082
1,1,-0.0571482,0,0.353935,0.238612
1,1,-0.0588921,0,0.351137,0.260819
1,1,-0.0582537,0,0.348359,0.27168
1,1,-0.0579393,0,0.345602,0.279466
1,1,-0.0582518,0,0.342866,0.265195
1,1,-0.0594477,0,0.34015,0.24298
1,1,-0.0616398,0,0.337455,0.242312
1,1,-0.0626847,0,0.33478,0.208884
1,1,-0.0635356,0,0.332125,0.283516
1,1,-0.0645342,0,0.329491,0.226253
1,1,-0.0642958,0,0.326877,0.212682
1,1,-0.0649766,0,0.324282,0.196925
1,1,-0.0678432,0,0.321708,0.17686
1,1,-0.0679114,0,0.319154,0.223827
1,1,-0.0689097,0,0.316619,0.219457
1,1,-0.0690756,0,0.314104,0.199177
1,1,-0.0688142,0,0.311608,0.235866
1,1,-0.0697369,0,0.309132,0.225868
1,1,-0.070282,0,0.306675,0.207323
1,1,-0.0720971,0,0.304237,0.19174
1,1,-0.0738035,0,0.301818,0.180321
1,1,-0.073246,0,0.299418,0.189834
1,1,-0.075104,0,0.297038,0.207244
1,1,-0.0759996,0,0.294676,0.211167
1,1,-0.0757592,0,0.292332,0.182061
1,1,-0.0770958,0,0.290008,0.152767
1,1,-0.0768889,0,0.287701,0.16591
1,1,-0.0794578,0,0.285413,0.158123
1,1,-0.0805732,0,0.283144,0.171349
1,1,-0.0815135,0,0.280892,0.192631
1,1,-0.0814927,0,0.278659,0.158428
1,1,-0.0825301,0,0.276443,0.144002
1,1,-0.0842529,0,0.274246,0.158578
1,1,-0.0862407,0,0.272066,0.170492
1,1,-0.0877414,0,0.269903,0.126983
1,1,-0.0882565,0,0.267758,0.150545
1,1,-0.0891803,0,0.265631,0.149465
1,1,-0.0905534,0,0.26352,0.12553
1,1,-0.0921899,0,0.261427,0.110479
1,1,-0.090894,0,0.259351,0.117845
1,1,-0.0931061,0,0.257292,0.108226
1,1,-0.0937956,0,0.25525,0.114212
1,1,-0.0947561,0,0.253224,0.0953229
1,1,-0.0957387,0,0.251215,0.118605
1,1,-0.0959989,0,0.249223,0.147002
1,1,-0.0962852,0,0.247247,0.10722
1,1,-0.0975151,0,0.245287,0.112427
1,1,-0.0984808,0,0.243344,0.165039
1,1,-0.0992246,0,0.241416,0.135523
1,1,-0.0989601,0,0.239505,0.143021
1,1,-0.0990922,0,0.237609,0.118841
1,1,-0.0989929,0,0.235729,0.117548
1,1,-0.100725,0,0.233865,0.124553
1,1,-0.102995,0,0.232016,0.102982
1,1,-0.102859,0,0.230183,0.0893812
1,1,-0.103596,0,0.228365,0.119018
1,1,-0.102737,0,0.226562,0.124194
1,1,-0.105654,0,0.224775,0.103141
1,1,-0.108352,0,0.223002,0.0895032
1,1,-0.107646,1,0.230492,0.129923
1,1,-0.109957,0,0.252473,0.214181
1,1,-0.110922,0,0.27695,0.238735
1,1,-0.111786,0,0.298965,0.243853
1,1,-0.112832,1,0.327353,0.350869
1,1,-0.114428,0,0.367096,0.363629
1,1,-0.114928,0,0.404951,0.411256
1,1,-0.115504,0,0.436384,0.419232
1,1,-0.116696,0,0.460579,0.417196
1,1,-0.116255,0,0.478186,0.393812
1,1,-0.118103,0,0.490338,0.436763
1,1,-0.11937,0,0.49821,0.409016
1,1,-0.119926,0,0.502846,0.423821
1,1,-0.119702,0,0.505104,0.499591
1,1,-0.11975,0,0.505652,0.426999
1,1,-0.121647,0,0.504997,0.430572
1,1,-0.122949,0,0.503511,0.418754
1,1,-0.124171,0,0.501459,0.411223
1,1,-0.122754,0,0.499032,0.393375
1,1,-0.123489,0,0.496359,0.350737
1,1,-0.124469,0,0.493532,0.403978
1,1,-0.125423,0,0.49061,0.378817
1,1,-0.124861,0,0.487633,0.350944
1,1,-0.125833,0,0.484627,0.475685
1,1,-0.125146,0,0.48161,0.394445
1,1,-0.125281,0,0.478592,0.377348
1,1,-0.126185,0,0.47558,0.381355
1,1,-0.127258,0,0.472577,0.365386
1,1,-0.129295,0,0.469586,0.381681
1,1,-0.130261,0,0.466609,0.326145
1,1,-0.130785,0,0.463646,0.351074
1,1,-0.130226,0,0.460697,0.347038
1,1,-0.13105,0,0.457763,0.336013
1,1,-0.130984,0,0.454843,0.367633
1,1,-0.131279,0,0.451939,0.327055
1,1,-0.132618,0,0.449049,0.265537
1,1,-0.134951,0,0.446173,0.30578
1,1,-0.136998,0,0.443313,0.307125
1,1,-0.138009,0,0.440467,0.33106
1,1,-0.139807,0,0.437636,0.321084
1,1,-0.139665,0,0.43482,0.304328
1,1,-0.139571,0,0.432019,0.289444
1,1,-0.139856,0,0.429232,0.290155
1,1,-0.140104,0,0.42646,0.28189
1,1,-0.139388,0,0.423704,0.280259
1,1,-0.139859,0,0.420962,0.292365
1,1,-0.142386,0,0.418235,0.297719
1,1,-0.14343,0,0.415523,0.221287
1,1,-0.144957,0,0.412826,0.267627
1,1,-0.14626,1,0.420274,0.246474
1,1,-0.147808,0,0.443299,0.377209
1,1,-0.148141,0,0.468653,0.348114
1,1,-0.149081,0,0.49103,0.452431
1,1,-0.148996,0,0.50879,0.383347
1,1,-0.148998,0,0.52189,0.409013
1,1,-0.149872,0,0.53092,0.389783
1,1,-0.150964,0,0.536651,0.377948
1,1,-0.15148,0,0.539832,0.37301
1,1,-0.152759,0,0.541107,0.420905
1,1,-0.155132,0,0.540996,0.392829
1,1,-0.155573,0,0.539899,0.406673
1,1,-0.15798,0,0.538115,0.395917
1,1,-0.159033,0,0.535861,0.371047
1,1,-0.158727,0,0.533293,0.372843
1,1,-0.159737,0,0.53052,0.391447
1,1,-0.161028,0,0.527617,0.441408
1,1,-0.160438,0,0.524634,0.333597
1,1,-0.159779,0,0.521606,0.349376
1,1,-0.160028,0,0.518554,0.377305
1,1,-0.160546,0,0.515494,0.306506
1,1,-0.160956,0,0.512434,0.392274
1,1,-0.162386,0,0.509381,0.371276
1,1,-0.163372,0,0.506338,0.343292
1,1,-0.162945,0,0.503306,0.341705
1,1,-0.163737,0,0.500288,0.329436
1,1,-0.1637,0,0.497284,0.373504
1,1,-0.164839,0,0.494295,0.392384
1,1,-0.165281,0,0.49132,0.34589
1,1,-0.164371,0,0.488359,0.289641
1,1,-0.164204,0,0.485414,0.330571
1,1,-0.164969,0,0.482483,0.334278
1,1,-0.167116,0,0.479567,0.349757
1,1,-0.166968,0,0.476666,0.295608
1,1,-0.167355,0,0.473779,0.280981
1,1,-0.167759,0,0.470908,0.286233
1,1,-0.168034,0,0.468051,0.315698
1,1,-0.170466,0,0.465209,0.278829
1,1,-0.171804,0,0.462381,0.295266
1,1,-0.171236,0,0.459569,0.261421
1,1,-0.172526,0,0.456771,0.275856
1,1,-0.172156,0,0.453989,0.274897
1,1,-0.172703,0,0.451221,0.265546
1,1,-0.172679,0,0.448468,0.293888
1,1,-0.174609,0,0.44573,0.225361
1,1,-0.176194,0,0.443007,0.271557
1,1,-0.177577,0,0.440298,0.241201
1,1,-0.177131,0,0.437605,0.270643
1,1,-0.177395,0,0.434927,0.253606
1,1,-0.178115,0,0.432263,0.202082
1,1,-0.180112,0,0.429615,0.231134
1,1,-0.180429,0,0.426981,0.239889
1,1,-0.181345,0,0.424363,0.195931
1,1,-0.181606,0,0.421759,0.181799
1,1,-0.18172,0,0.41917,0.24185
1,1,-0.181386,0,0.416596,0.196268
1,1,-0.181629,0,0.414037,0.266857
1,1,-0.182678,0,0.411492,0.19906
1,1,-0.183763,0,0.408963,0.193152
1,1,-0.185003,0,0.406448,0.229199
1,1,-0.186214,0,0.403948,0.195219
1,1,-0.187746,0,0.401462,0.193526
1,1,-0.188998,0,0.398992,0.197389
1,1,-0.191052,0,0.396536,0.153247
1,1,-0.191698,0,0.394094,0.192268
1,1,-0.191191,0,0.391667,0.180965
1,1,-0.191927,0,0.389255,0.21387
1,1,-0.192555,0,0.386857,0.204448
1,1,-0.193709,0,0.384474,0.144538
1,1,-0.194715,0,0.382105,0.166191
1,1,-0.195693,0,0.379751,0.14313
1,1,-0.1971,0,0.377411,0.150987
1,1,-0.197931,0,0.375085,0.147497
1,1,-0.199835,0,0.372774,0.185204
1,1,-0.200169,0,0.370476,0.170964
1,1,-0.20076,0,0.368193,0.141199
1,1,-0.201102,0,0.365924,0.149433
1,1,-0.201507,0,0.363669,0.154923
1,1,-0.202421,0,0.361428,0.181563
1,1,-0.203808,0,0.359202,0.166211
1,1,-0.20283,0,0.356988,0.153711
1,1,-0.203878,0,0.354789,0.139976
1,1,-0.20419,0,0.352604,0.154607
1,1,-0.204755,0,0.350432,0.15334
1,1,-0.206525,0,0.348274,0.139474
1,1,-0.207466,0,0.34613,0.104358
1,1,-0.208214,0,0.343999,0.10838
1,1,-0.210347,0,0.341882,0.107416
1,1,-0.211057,0,0.339778,0.117899
1,1,-0.210684,0,0.337688,0.113468
1,1,-0.210627,0,0.335611,0.118443
1,1,-0.210889,0,0.333547,0.113334
1,1,-0.212154,0,0.331496,0.104651
1,1,-0.212866,0,0.329459,0.0986745
1,1,-0.213213,0,0.327435,0.103246
1,1,-0.214803,0,0.325423,0.134958
1,1,-0.216204,0,0.323425,0.129774
1,1,-0.216349,0,0.32144,0.0819839
1,1,-0.216979,0,0.319467,0.131604
1,1,-0.217593,0,0.317507,0.087055
1,1,-0.217927,0,0.31556,0.117572
1,1,-0.218725,0,0.313626,0.128055
1,1,-0.219039,0,0.311704,0.127601
1,1,-0.220697,0,0.309795,0.082437
1,1,-0.221602,0,0.307898,0.106937
1,1,-0.221411,0,0.306014,0.107324
1,1,-0.222558,0,0.304142,0.116622
1,1,-0.222648,0,0.302282,0.081556
1,1,-0.223116,0,0.300435,0.0818118
1,1,-0.22535,0,0.298599,0.0649002
1,1,-0.225776,0,0.296776,0.121247
1,1,-0.226613,0,0.294965,0.0668524
1,1,-0.227889,0,0.293165,0.0777713
1,1,-0.228249,0,0.291378,0.100876
1,1,-0.227487,0,0.289602,0.0581982
1,1,-0.22805,0,0.287838,0.105912
1,1,-0.2288,0,0.286086,0.040178
1,1,-0.229795,0,0.284346,0.0779661
1,1,-0.230706,0,0.282617,0.0954638
1,1,-0.232796,0,0.280899,0.0833519
1,1,-0.23307,0,0.279193,0.0704663
1,1,-0.232961,0,0.277498,0.0992346
1,1,-0.23282,1,0.285637,0.100245
1,1,-0.232528,0,0.309057,0.145013
1,1,-0.232722,0,0.334981,0.210712
1,1,-0.234761,0,0.358187,0.225525
1,1,-0.235383,0,0.376993,0.234256
1,1,-0.237747,0,0.391276,0.20335
1,1,-0.238923,0,0.401558,0.220583
1,1,-0.241387,0,0.408555,0.250666
1,1,-0.241764,0,0.412982,0.214174
1,1,-0.241231,0,0.415464,0.230382
1,1,-0.24207,0,0.416512,0.162791
1,1,-0.242052,0,0.416526,0.200421
1,1,-0.24326,0,0.415809,0.217837
1,1,-0.243743,0,0.414583,0.214059
1,1,-0.246817,0,0.413012,0.214024
1,1,-0.246279,0,0.411208,0.229203
1,1,-0.248357,0,0.409253,0.212906
1,1,-0.248791,0,0.407201,0.239989
1,1,-0.249147,0,0.40509,0.195117
1,1,-0.24966,0,0.402945,0.198456
1,1,-0.250138,0,0.400781,0.183144
1,1,-0.250197,0,0.39861,0.201628
1,1,-0.249931,0,0.396437,0.196893
1,1,-0.249769,0,0.394268,0.218049
1,1,-0.251315,0,0.392105,0.196315
1,1,-0.250805,0,0.389949,0.21562
1,1,-0.251525,0,0.387801,0.187893
1,1,-0.250802,0,0.385662,0.192684
1,1,-0.252519,0,0.383532,0.158734
1,1,-0.25244,0,0.381411,0.206614
1,1,-0.252734,0,0.379299,0.199411
1,1,-0.253709,0,0.377196,0.176587
1,1,-0.254549,0,0.375102,0.164048
1,1,-0.255922,0,0.373017,0.161733
1,1,-0.256556,0,0.370942,0.184827
1,1,-0.25729,0,0.368875,0.13285
1,1,-0.257257,0,0.366818,0.160739
1,1,-0.256469,0,0.36477,0.199414
1,1,-0.258523,0,0.362732,0.182129
1,1,-0.259306,0,0.360702,0.149321
1,1,-0.258857,0,0.358682,0.156785
1,1,-0.258043,0,0.356672,0.190835
1,1,-0.259111,0,0.354671,0.16764
1,1,-0.259569,0,0.352679,0.129353
1,1,-0.260804,0,0.350697,0.133743
1,1,-0.261985,0,0.348725,0.162706
1,1,-0.264744,0,0.346762,0.137041
1,1,-0.264026,0,0.344808,0.117746
1,1,-0.264802,0,0.342865,0.11027
1,1,-0.263701,0,0.340931,0.122553
1,1,-0.264378,0,0.339007,0.140153
1,1,-0.262887,0,0.337092,0.0818118
1,1,-0.262308,0,0.335187,0.112815
1,1,-0.264597,0,0.333292,0.0716759
1,1,-0.263422,0,0.331407,0.119335
1,1,-0.263517,0,0.329532,0.105868
1,1,-0.264447,0,0.327666,0.107756
1,1,-0.266222,0,0.32581,0.121428
1,1,-0.267184,0,0.323965,0.0985904
1,1,-0.267584,0,0.322128,0.0737522
1,1,-0.269272,0,0.320302,0.133524
1,1,-0.269198,0,0.318486,0.125229
1,1,-0.268613,0,0.316679,0.121424
1,1,-0.268654,0,0.314882,0.0794749
1,1,-0.270389,0,0.313096,0.0645677
1,1,-0.271589,0,0.311318,0.0729213
1,1,-0.27322,0,0.309551,0.116145
1,1,-0.273134,0,0.307794,0.100511
1,1,-0.274113,0,0.306046,0.0886636
1,1,-0.274254,0,0.304308,0.0988682
1,1,-0.273957,0,0.30258,0.0944288
1,1,-0.275764,0,0.300862,0.083634
1,1,-0.274698,0,0.299153,0.0336227
1,1,-0.27405,0,0.297455,0.0771425
1,1,-0.27565,0,0.295766,0.103063
1,1,-0.275539,0,0.294086,0.0908442
1,1,-0.276592,0,0.292416,0.0752327
1,1,-0.275688,0,0.290756,0.0754124
1,1,-0.276732,0,0.289106,0.0836711
1,1,-0.276807,0,0.287465,0.0871409
1,1,-0.277129,0,0.285834,0.0484633
1,1,-0.277859,0,0.284212,0.101333
1,1,-0.277001,0,0.2826,0.0908157
1,1,-0.277693,0,0.280998,0.0658824
1,1,-0.279231,0,0.279405,0.0575311
1,1,-0.279808,0,0.277821,0.0515864
1,1,-0.280519,0,0.276247,0.11086
1,1,-0.281218,0,0.274682,0.0865387
1,1,-0.280834,0,0.273126,0.0815524
1,1,-0.280151,1,0.281445,0.0668021
1,1,-0.280855,0,0.305115,0.206759
1,1,-0.282115,0,0.331303,0.173105
1,1,-0.283436,0,0.354764,0.168777
1,1,-0.283769,0,0.373804,0.199149
1,1,-0.283748,0,0.388303,0.222905
1,1,-0.284797,0,0.398781,0.196166
1,1,-0.286046,0,0.405959,0.230725
1,1,-0.285983,0,0.410555,0.223295
1,1,-0.287037,0,0.413195,0.205665
1,1,-0.289304,0,0.414394,0.220576
1,1,-0.289916,0,0.414553,0.203294
1,1,-0.290598,0,0.413976,0.230256
1,1,-0.292222,0,0.412887,0.233608
1,1,-0.292709,0,0.411449,0.196518
1,1,-0.290104,0,0.409777,0.230305
1,1,-0.289841,0,0.407951,0.19586
1,1,-0.289978,0,0.406027,0.227222
1,1,-0.29117,0,0.40404,0.185672
1,1,-0.291567,0,0.402018,0.194608
1,1,-0.292359,0,0.399975,0.188495
1,1,-0.293793,0,0.397923,0.152597
1,1,-0.293968,0,0.395869,0.199623
1,1,-0.294488,1,0.404181,0.242205
1,1,-0.29471,0,0.428424,0.263872
1,1,-0.29507,0,0.455041,0.271614
1,1,-0.296927,0,0.478605,0.317793
1,1,-0.29861,0,0.497439,0.379198
1,1,-0.298858,0,0.511502,0.345059
1,1,-0.297874,0,0.5214,0.311253
1,1,-0.300103,0,0.527922,0.38002
1,1,-0.30076,0,0.531837,0.373746
1,1,-0.3011,0,0.533802,0.304658
1,1,-0.300648,0,0.534348,0.345262
1,1,-0.301116,0,0.533885,0.304615
1,1,-0.301622,0,0.532716,0.298981
1,1,-0.301618,0,0.531064,0.285684
1,1,-0.303002,1,0.539765,0.317264
1,1,-0.304191,0,0.564508,0.408862
1,1,-0.305132,0,0.591338,0.364302
1,1,-0.304266,0,0.614776,0.426543
1,1,-0.303653,0,0.633213,0.439785
1,1,-0.30507,0,0.646699,0.434042
1,1,-0.306879,0,0.655921,0.421614
1,1,-0.307836,0,0.66173,0.437517
1,1,-0.309635,0,0.66493,0.401317
1,1,-0.310146,0,0.666204,0.410519
1,1,-0.310982,0,0.666091,0.47839
1,1,-0.311849,0,0.665002,0.439225
1,1,-0.312383,0,0.663239,0.420704
1,1,-0.311759,0,0.661019,0.405303
1,1,-0.310195,0,0.658494,0.41076
1,1,-0.311295,0,0.65577,0.390491
1,1,-0.312226,0,0.652917,0.443193
1,1,-0.312501,0,0.649985,0.459622
1,1,-0.31445,0,0.647004,0.396809
1,1,-0.314834,0,0.643995,0.422309
1,1,-0.316621,0,0.640971,0.389899
1,1,-0.317817,0,0.63794,0.347826
1,1,-0.318769,0,0.634908,0.389739
1,1,-0.319156,0,0.631878,0.390239
1,1,-0.319892,0,0.628851,0.352079
1,1,-0.320011,0,0.62583,0.365459
1,1,-0.319279,0,0.622814,0.371104
1,1,-0.3201,0,0.619805,0.35087
1,1,-0.320059,0,0.616802,0.339242
1,1,-0.321338,0,0.613807,0.374253
1,1,-0.322097,0,0.610818,0.333767
1,1,-0.321886,0,0.607837,0.362476
1,1,-0.320475,0,0.604863,0.334911
1,1,-0.322444,0,0.601897,0.310787
1,1,-0.324066,0,0.598939,0.300183
1,1,-0.324711,0,0.595989,0.336225
1,1,-0.325676,0,0.593047,0.322425
1,1,-0.328214,0,0.590114,0.330726
1,1,-0.32879,0,0.587189,0.297
1,1,-0.328372,0,0.584273,0.319346
1,1,-0.328472,0,0.581366,0.312142
1,1,-0.327741,0,0.578468,0.275301
1,1,-0.32895,0,0.57558,0.27302
1,1,-0.331404,0,0.572701,0.271081
1,1,-0.331489,0,0.569831,0.284245
1,1,-0.331402,0,0.566971,0.29229
1,1,-0.329867,0,0.564121,0.243431
1,1,-0.330225,0,0.561281,0.247934
1,1,-0.331709,0,0.558451,0.27915
1,1,-0.333744,0,0.555631,0.24906
1,1,-0.334049,0,0.552822,0.244734
1,1,-0.334473,0,0.550023,0.239072
1,1,-0.335521,0,0.547234,0.209597
1,1,-0.337718,0,0.544456,0.241506
1,1,-0.338589,0,0.541689,0.264081
1,1,-0.33918,0,0.538932,0.2475
1,1,-0.339665,0,0.536186,0.210098
1,1,-0.339569,0,0.533452,0.216966
1,1,-0.339218,0,0.530728,0.245487
1,1,-0.338998,0,0.528015,0.259715
1,1,-0.339428,0,0.525314,0.231012
1,1,-0.339408,0,0.522623,0.22134
1,1,-0.339401,0,0.519944,0.186095
1,1,-0.341151,0,0.517277,0.176292
1,1,-0.342588,0,0.51462,0.219561
1,1,-0.342142,0,0.511975,0.168926
1,1,-0.343802,0,0.509341,0.129363
1,1,-0.344985,0,0.506719,0.172098
1,1,-0.345089,0,0.504109,0.183534
1,1,-0.347529,0,0.50151,0.162716
1,1,-0.34828,0,0.498922,0.190608
1,1,-0.350038,0,0.496346,0.174802
1,1,-0.34865,0,0.493782,0.189293
1,1,-0.348399,0,0.491229,0.15719
1,1,-0.349272,0,0.488688,0.154241
1,1,-0.349816,0,0.486158,0.200105
1,1,-0.350608,1,0.494302,0.272134
1,1,-0.351432,0,0.518736,0.229064
1,1,-0.352529,0,0.545476,0.271774
1,1,-0.353237,0,0.56898,0.312831
1,1,-0.35324,0,0.587582,0.271299
1,1,-0.353317,0,0.601287,0.338146
1,1,-0.353738,0,0.610749,0.325177
1,1,-0.355008,0,0.6168,0.25614
1,1,-0.355452,0,0.620235,0.326811
1,1,-0.354937,0,0.621729,0.323065
1,1,-0.357007,0,0.621824,0.291544
1,1,-0.359352,0,0.620929,0.267845
1,1,-0.359713,0,0.619351,0.290418
1,1,-0.359854,0,0.617309,0.301527
1,1,-0.359963,0,0.614957,0.238316
1,1,-0.359374,0,0.612404,0.264527
1,1,-0.360969,0,0.609721,0.291989
1,1,-0.359881,0,0.60696,0.298615
1,1,-0.360343,0,0.604151,0.273135
1,1,-0.359529,0,0.601316,0.270014
1,1,-0.361075,0,0.598469,0.278093
1,1,-0.362047,0,0.595617,0.254723
1,1,-0.363489,0,0.592767,0.271511
1,1,-0.366633,0,0.589921,0.242468
1,1,-0.366889,0,0.587081,0.264495
1,1,-0.366548,0,0.584249,0.246096
1,1,-0.367294,0,0.581425,0.265548
1,1,-0.368304,0,0.57861,0.266585
1,1,-0.370079,0,0.575803,0.247595
1,1,-0.37064,0,0.573006,0.228633
1,1,-0.370234,0,0.570217,0.242415
1,1,-0.369442,0,0.567438,0.237159
1,1,-0.368607,0,0.564667,0.256133
1,1,-0.369407,0,0.561906,0.18555
1,1,-0.369261,0,0.559155,0.241727
1,1,-0.370906,0,0.556412,0.205332
1,1,-0.372041,0,0.55368,0.232085
1,1,-0.373044,1,0.561767,0.195313
1,1,-0.37479,0,0.586298,0.283001
1,1,-0.375685,0,0.613063,0.300419
1,1,-0.376911,0,0.636475,0.324442
1,1,-0.37648,0,0.654883,0.37137
1,1,-0.377826,0,0.668326,0.368984
1,1,-0.378813,0,0.677492,0.381417
1,1,-0.379289,0,0.683235,0.366643
1,1,-0.379316,0,0.686366,0.414349
1,1,-0.378576,0,0.68757,0.336138
1,1,-0.379668,0,0.68739,0.370845
1,1,-0.381032,0,0.686237,0.368348
1,1,-0.380731,0,0.684415,0.380498
1,1,-0.381351,0,0.682141,0.340847
1,1,-0.383312,0,0.679566,0.326311
1,1,-0.381811,0,0.676796,0.296897
1,1,-0.383243,0,0.673903,0.35674
1,1,-0.384415,0,0.670932,0.301956
1,1,-0.385437,0,0.667916,0.349524
1,1,-0.386472,0,0.664876,0.324752
1,1,-0.387469,0,0.661822,0.353909
1,1,-0.386828,0,0.658765,0.34625
1,1,-0.388015,0,0.655708,0.278245
1,1,-0.389334,0,0.652655,0.309355
1,1,-0.388663,0,0.649608,0.332665
1,1,-0.391133,0,0.646568,0.276848
1,1,-0.390129,0,0.643535,0.283492
1,1,-0.391518,0,0.64051,0.307253
1,1,-0.390828,0,0.637494,0.306717
1,1,-0.390805,0,0.634485,0.277794
1,1,-0.390563,0,0.631485,0.316975
1,1,-0.390752,0,0.628494,0.242477
1,1,-0.392066,0,0.625511,0.239351
1,1,-0.394108,0,0.622538,0.239103
1,1,-0.395389,0,0.619573,0.255276
1,1,-0.395709,0,0.616618,0.275772
1,1,-0.394954,0,0.613671,0.258704
1,1,-0.395965,0,0.610734,0.279837
1,1,-0.397033,0,0.607807,0.237148
1,1,-0.397989,0,0.604889,0.234857
1,1,-0.397936,0,0.60198,0.212063
1,1,-0.398758,0,0.599082,0.238976
1,1,-0.401001,0,0.596193,0.232511
1,1,-0.400805,0,0.593314,0.200953
1,1,-0.40181,0,0.590446,0.201566
1,1,-0.403577,0,0.587588,0.223835
1,1,-0.403241,0,0.584739,0.230717
1,1,-0.404017,0,0.581902,0.183506
1,1,-0.404125,0,0.579074,0.229332
1,1,-0.404779,0,0.576257,0.225032
1,1,-0.404518,0,0.573451,0.1994
1,1,-0.404263,0,0.570656,0.166947
1,1,-0.404223,0,0.567871,0.188776
1,1,-0.405047,0,0.565096,0.213627
1,1,-0.404569,0,0.562333,0.1985
1,1,-0.406631,0,0.559581,0.169816
1,1,-0.40684,0,0.556839,0.229612
1,1,-0.406868,0,0.554108,0.182229
1,1,-0.407251,1,0.562233,0.210611
1,1,-0.409559,0,0.586852,0.248676
1,1,-0.411382,0,0.613714,0.308993
1,1,-0.412884,0,0.637212,0.30647
1,1,-0.412449,0,0.655693,0.3173
1,1,-0.411301,0,0.669196,0.324229
1,1,-0.413475,1,0.689479,0.358568
1,1,-0.415377,0,0.72292,0.361741
1,1,-0.416224,0,0.755734,0.43816
1,1,-0.416596,0,0.783009,0.432997
1,1,-0.41677,0,0.803722,0.476736
1,1,-0.418847,0,0.818409,0.446175
1,1,-0.418096,0,0.828127,0.481624
1,1,-0.41991,0,0.833987,0.475285
1,1,-0.420548,0,0.836973,0.49655
1,1,-0.419596,0,0.837882,0.501291
1,1,-0.421741,0,0.837326,0.493945
1,1,-0.421802,0,0.835757,0.46033
1,1,-0.423423,0,0.833502,0.449642
1,1,-0.424862,0,0.830788,0.452987
1,1,-0.425613,0,0.827775,0.418356
1,1,-0.425302,0,0.824567,0.409471
1,1,-0.426211,0,0.821238,0.425599
1,1,-0.426802,0,0.817833,0.420985
1,1,-0.427738,0,0.814382,0.436618
1,1,-0.428408,0,0.810906,0.456468
1,1,-0.429102,0,0.807415,0.417695
1,1,-0.430752,0,0.803919,0.458944
1,1,-0.431325,0,0.800421,0.408985
1,1,-0.4309,0,0.796924,0.397885
1,1,-0.431424,0,0.793431,0.394463
1,1,-0.431115,0,0.789942,0.402225
1,1,-0.43204,0,0.786458,0.359384
1,1,-0.432889,0,0.782979,0.407164
1,1,-0.434687,0,0.779506,0.388808
1,1,-0.436646,0,0.776039,0.390369
1,1,-0.436277,0,0.772579,0.365851
1,1,-0.437017,0,0.769125,0.3354
1,1,-0.438745,0,0.765678,0.346416
1,1,-0.439686,0,0.762238,0.324494
1,1,-0.440126,0,0.758806,0.305245
1,1,-0.440557,0,0.755381,0.334088
1,1,-0.440926,0,0.751964,0.372857
1,1,-0.442003,0,0.748554,0.343595
1,1,-0.441215,1,0.756172,0.372821
1,1,-0.441793,0,0.780395,0.401491
1,1,-0.441109,0,0.80667,0.413731
1,1,-0.442155,0,0.829362,0.48306
1,1,-0.442779,0,0.846883,0.446594
1,1,-0.444452,0,0.859348,0.513164
1,1,-0.445838,0,0.867513,0.468737
1,1,-0.447128,0,0.872276,0.491441
1,1,-0.448034,0,0.874472,0.47138
1,1,-0.449515,0,0.874797,0.446362
1,1,-0.449555,0,0.873793,0.402852
1,1,-0.448879,1,0.882825,0.416981
1,1,-0.450222,0,0.907671,0.498778
1,1,-0.451377,0,0.934024,0.558294
1,1,-0.452469,0,0.95645,0.501469
1,1,-0.45342,0,0.973509,0.511296
1,1,-0.455316,1,0.996309,0.536629
1,1,-0.455552,0,1.03091,0.593205
1,1,-0.456569,0,1.06379,0.57109
1,1,-0.457344,0,1.09039,0.60891
1,1,-0.458162,0,1.10998,0.645607
1,1,-0.45839,0,1.12333,0.607996
1,1,-0.458926,0,1.13163,0.64877
1,1,-0.459376,0,1.1361,0.648242
1,1,-0.459422,0,1.13775,0.660075
1,1,-0.460419,0,1.13739,0.636813
1,1,-0.46091,1,1.14618,0.727356
1,1,-0.462811,0,1.16972,0.69889
1,1,-0.462707,0,1.19429,0.711451
1,1,-0.462519,0,1.21479,0.74259
1,1,-0.463743,0,1.22997,0.700947
1,1,-0.462971,0,1.24014,0.655249
1,1,-0.463741,1,1.25639,0.748927
1,1,-0.463811,0,1.28454,0.784857
1,1,-0.464074,0,1.31179,0.7307
1,1,-0.464503,0,1.33373,0.749918
1,1,-0.46527,0,1.34956,0.761603
1,1,-0.465557,0,1.35992,0.760796
1,1,-0.466368,0,1.36586,0.743562
1,1,-0.467068,0,1.36845,0.781276
1,1,-0.4698,0,1.36859,0.783585
1,1,-0.471146,0,1.36699,0.776189
1,1,-0.471064,0,1.3642,0.795754
1,1,-0.470408,0,1.36059,0.75768
1,1,-0.470866,0,1.35643,0.719365
1,1,-0.472064,0,1.35192,0.704397
1,1,-0.472472,0,1.34718,0.733325
1,1,-0.473259,0,1.34228,0.7267
1,1,-0.472781,0,1.33728,0.759758
1,1,-0.474759,0,1.33223,0.712344
1,1,-0.476788,0,1.32713,0.730053
1,1,-0.47639,0,1.32202,0.718374
1,1,-0.47766,0,1.31688,0.674556
1,1,-0.476952,0,1.31174,0.691751
1,1,-0.478135,0,1.30659,0.724594
1,1,-0.479847,0,1.30144,0.69513
1,1,-0.480031,0,1.29629,0.663819
1,1,-0.482225,0,1.29114,0.697677
1,1,-0.482189,0,1.28599,0.651099
1,1,-0.484277,0,1.28084,0.681576
1,1,-0.48552,0,1.2757,0.645187
1,1,-0.485793,0,1.27056,0.646403
1,1,-0.487982,0,1.26542,0.663634
1,1,-0.487953,0,1.26028,0.654614
1,1,-0.489006,0,1.25515,0.614047
1,1,-0.489492,0,1.25003,0.620929
1,1,-0.490407,0,1.24491,0.602145
1,1,-0.490491,0,1.2398,0.598884
1,1,-0.489802,0,1.2347,0.57871
1,1,-0.489448,0,1.2296,0.607026
1,1,-0.489534,0,1.22451,0.566487
1,1,-0.490478,0,1.21943,0.585094
1,1,-0.49001,0,1.21435,0.530593
1,1,-0.489775,0,1.20929,0.613588
1,1,-0.488956,0,1.20423,0.563821
1,1,-0.490103,0,1.19918,0.5508
1,1,-0.490009,0,1.19415,0.545254
1,1,-0.489569,0,1.18912,0.570363
1,1,-0.488655,0,1.1841,0.532129
